Instancia: E-n101-k8

UB (Upper Bound): 860.293032
TEMPO (seg): 30.007516

Rotas:
Rota 1: 0 52 7 88 62 11 64 63 90 32 106 30 70 10 31 27 0
  Distancia: 128.135743
  Carga: 184.000000

Rota 2: 0 95 92 98 37 100 91 85 93 59 99 96 94 0
  Distancia: 58.543251
  Carga: 196.000000

Rota 3: 0 69 1 51 20 66 65 35 71 109 9 34 78 81 33 50 0
  Distancia: 136.536354
  Carga: 186.000000

Rota 4: 0 54 55 25 39 67 23 75 56 107 4 26 0
  Distancia: 114.287670
  Carga: 171.000000

Rota 5: 0 13 97 87 2 41 22 74 72 73 21 40 58 53 0
  Distancia: 78.760808
  Carga: 185.000000

Rota 6: 0 6 60 83 45 8 46 47 36 49 103 19 48 82 18 0
  Distancia: 125.468018
  Carga: 186.000000

Rota 7: 0 28 76 77 3 79 29 24 80 68 12 0
  Distancia: 76.036880
  Carga: 152.000000

Rota 8: 0 89 5 84 17 61 16 86 38 14 44 101 42 43 15 57 0
  Distancia: 142.524308
  Carga: 198.000000

Numero de rotas: 8
Distancia total: 860.293032
