Instancia: X-n1001-k43

FO (Funcao Objetivo): 84063.338147
TEMPO (seg): 302.582821
TEMPO_MELHOR (seg): 45.041860

Rotas:
Rota 1: 0 658 408 664 873 978 532 12 908 13 522 424 119 203 145 656 742 55 230 260 18 698 0
  Distancia: 834.628116
  Carga: 131.000000

Rota 2: 0 819 316 988 735 301 660 80 650 132 533 231 865 320 214 565 485 321 300 236 234 801 0
  Distancia: 689.211067
  Carga: 130.000000

Rota 3: 0 930 958 822 921 179 483 524 844 611 900 935 151 816 237 187 433 354 515 876 540 505 0
  Distancia: 696.000558
  Carga: 131.000000

Rota 4: 0 942 431 992 64 818 694 817 167 484 444 755 783 964 168 143 643 607 806 110 557 115 537 507 601 350 0
  Distancia: 1420.060536
  Carga: 131.000000

Rota 5: 0 768 662 335 457 915 571 905 619 998 542 487 934 150 734 146 870 826 96 141 538 955 372 789 736 766 903 0
  Distancia: 1145.444375
  Carga: 131.000000

Rota 6: 0 836 44 369 852 343 198 875 177 25 28 92 680 407 767 245 104 802 197 298 293 491 289 570 600 931 794 937 345 723 0
  Distancia: 1049.520321
  Carga: 130.000000

Rota 7: 0 469 8 98 632 107 549 325 562 919 42 899 68 411 554 688 357 409 720 590 637 805 414 86 0
  Distancia: 1340.303771
  Carga: 131.000000

Rota 8: 0 804 702 355 634 94 89 279 728 261 502 578 509 294 402 346 406 41 588 972 501 9 361 15 0
  Distancia: 1408.527078
  Carga: 131.000000

Rota 9: 0 240 839 220 282 825 322 528 284 638 74 710 492 707 722 123 21 753 993 775 0
  Distancia: 1263.560359
  Carga: 131.000000

Rota 10: 0 88 58 85 62 243 330 652 374 328 142 929 918 535 463 377 490 157 809 803 845 112 24 914 916 0
  Distancia: 1498.303449
  Carga: 131.000000

Rota 11: 0 748 22 297 561 133 283 452 984 103 708 265 663 171 752 262 392 898 861 871 508 201 45 306 248 812 724 969 417 186 944 0
  Distancia: 1572.609854
  Carga: 131.000000

Rota 12: 0 386 938 242 754 59 842 313 218 192 751 255 153 384 592 959 774 206 815 139 957 489 29 956 0
  Distancia: 1683.893366
  Carga: 131.000000

Rota 13: 0 784 867 56 831 340 906 135 422 238 701 60 882 586 456 394 149 622 786 413 367 93 0
  Distancia: 1579.636934
  Carga: 131.000000

Rota 14: 0 840 211 494 792 808 884 31 337 850 655 547 640 101 280 194 952 927 739 583 719 416 172 648 499 0
  Distancia: 1631.507225
  Carga: 131.000000

Rota 15: 0 120 683 913 894 954 479 690 307 788 429 773 697 846 215 190 945 518 642 737 274 207 453 0
  Distancia: 1477.337753
  Carga: 131.000000

Rota 16: 0 980 247 625 672 717 616 480 647 706 396 738 221 213 114 949 53 81 140 204 290 467 266 604 356 1005 0
  Distancia: 1812.304479
  Carga: 131.000000

Rota 17: 0 27 868 531 693 474 14 105 696 881 195 560 278 732 572 623 165 613 412 594 446 760 436 16 837 595 740 1003 0
  Distancia: 1840.539706
  Carga: 131.000000

Rota 18: 0 800 759 202 229 427 303 498 757 352 134 771 37 796 936 941 398 461 620 725 183 506 897 1006 0
  Distancia: 1831.708204
  Carga: 131.000000

Rota 19: 0 63 695 122 606 5 462 793 318 513 486 458 948 315 109 199 553 124 99 983 830 164 10 1011 0
  Distancia: 1911.687745
  Carga: 131.000000

Rota 20: 0 460 703 219 745 379 116 966 400 633 974 582 581 227 617 299 256 859 785 879 418 668 853 962 797 670 438 1009 0
  Distancia: 2117.828131
  Carga: 131.000000

Rota 21: 0 874 982 445 713 932 880 7 624 376 676 552 349 341 858 40 70 223 205 473 827 472 399 639 534 605 953 464 1004 0
  Distancia: 1992.615939
  Carga: 131.000000

Rota 22: 0 48 39 71 397 593 82 443 731 188 659 43 892 378 925 246 727 52 277 596 0
  Distancia: 1607.505442
  Carga: 131.000000

Rota 23: 0 390 49 441 61 673 481 129 523 994 437 947 176 510 196 597 163 222 364 630 765 709 585 455 468 1001 0
  Distancia: 2021.986671
  Carga: 131.000000

Rota 24: 0 160 928 904 310 939 72 574 821 263 259 526 790 138 311 217 365 253 371 856 657 970 838 475 627 567 180 747 933 733 1012 0
  Distancia: 1888.669312
  Carga: 131.000000

Rota 25: 0 778 981 781 626 285 317 909 111 419 288 493 329 34 714 2 851 651 963 1017 863 270 84 889 855 923 843 495 0
  Distancia: 2901.639000
  Carga: 131.000000

Rota 26: 0 614 635 872 347 360 661 516 686 465 644 373 11 334 342 770 678 587 332 902 125 403 832 241 254 862 758 363 267 0
  Distancia: 1993.362659
  Carga: 131.000000

Rota 27: 0 175 762 811 671 144 545 857 375 244 51 264 359 847 447 210 514 291 391 960 430 312 90 434 0
  Distancia: 2077.921110
  Carga: 131.000000

Rota 28: 0 148 366 653 589 665 382 621 699 568 968 33 558 834 304 1 854 181 287 158 828 0
  Distancia: 2556.186243
  Carga: 131.000000

Rota 29: 0 130 907 251 681 65 353 730 917 432 75 608 885 152 370 646 78 212 249 704 888 814 302 548 269 0
  Distancia: 2168.233453
  Carga: 131.000000

Rota 30: 0 943 309 573 782 864 824 744 488 807 750 636 100 155 156 182 764 272 563 769 435 810 189 466 715 0
  Distancia: 2251.562275
  Carga: 131.000000

Rota 31: 0 866 442 776 979 649 324 823 883 926 208 410 423 539 529 711 257 950 628 674 1018 0
  Distancia: 2192.386744
  Carga: 131.000000

Rota 32: 0 228 351 820 344 385 421 689 780 362 987 580 541 566 813 428 159 991 910 136 893 989 1008 459 0
  Distancia: 2452.045517
  Carga: 131.000000

Rota 33: 0 990 833 305 425 128 273 327 500 999 50 296 32 6 91 629 520 555 901 756 331 973 895 599 216 779 54 598 401 380 0
  Distancia: 2512.495129
  Carga: 131.000000

Rota 34: 0 887 519 841 741 339 57 73 170 147 368 536 478 295 675 67 26 497 559 716 679 77 292 250 911 0
  Distancia: 2229.622947
  Carga: 131.000000

Rota 35: 0 439 358 232 1000 200 118 450 799 209 23 108 712 451 564 395 525 38 603 965 517 1010 0
  Distancia: 2141.067373
  Carga: 131.000000

Rota 36: 0 154 102 258 174 615 226 896 641 677 191 35 976 546 835 19 381 420 477 470 449 0
  Distancia: 2627.404261
  Carga: 131.000000

Rota 37: 0 922 609 684 569 602 746 940 920 860 389 530 326 878 319 631 184 584 961 550 121 387 890 1015 0
  Distancia: 2458.802135
  Carga: 131.000000

Rota 38: 0 685 985 543 178 224 69 36 997 610 338 967 275 848 162 235 97 271 666 336 193 763 0
  Distancia: 2706.004240
  Carga: 131.000000

Rota 39: 0 471 761 645 454 95 404 726 551 173 924 308 575 87 995 405 971 117 17 47 591 1007 0
  Distancia: 2463.681362
  Carga: 131.000000

Rota 40: 0 946 705 579 476 975 692 718 388 869 777 795 654 286 721 544 912 1013 448 749 669 977 383 891 521 496 46 126 787 0
  Distancia: 3076.115686
  Carga: 131.000000

Rota 41: 0 333 482 556 185 512 877 239 348 829 691 729 127 137 951 791 166 323 618 169 849 281 612 225 0
  Distancia: 2896.107382
  Carga: 131.000000

Rota 42: 0 440 20 577 743 252 426 527 687 503 233 415 1014 161 667 83 682 66 798 113 772 79 76 3 886 393 268 131 511 576 0
  Distancia: 3244.009115
  Carga: 131.000000

Rota 43: 0 996 106 986 4 276 504 700 30 314 0
  Distancia: 2799.301125
  Carga: 57.000000

Numero de rotas: 43
Distancia total: 84063.338147
