Instancia: X-n1001-k43

FO (Funcao Objetivo): 124664.320158
TEMPO (seg): 300.003934
TEMPO_MELHOR (seg): 300.003913

Rotas:
Rota 1: 0 505 540 958 187 822 736 903 930 0
  Distancia: 393.560646
  Carga: 59.000000

Rota 2: 0 662 335 532 522 143 905 998 956 29 957 206 431 774 754 204 53 45 812 900 151 921 1030 0
  Distancia: 1768.135926
  Carga: 131.000000

Rota 3: 0 408 698 964 58 62 243 413 786 456 759 535 328 867 784 24 914 139 489 959 201 508 871 1005 728 354 0
  Distancia: 2098.095144
  Carga: 130.000000

Rota 4: 0 876 345 320 533 570 491 298 499 494 406 9 15 702 934 150 487 809 88 484 168 537 507 0
  Distancia: 1653.826718
  Carga: 131.000000

Rota 5: 0 875 25 123 683 805 531 811 745 655 850 39 71 418 247 1023 386 297 41 839 710 177 865 988 0
  Distancia: 2374.320602
  Carga: 130.000000

Rota 6: 0 801 8 549 562 919 638 773 605 27 927 101 578 337 596 663 261 52 1014 980 22 104 825 993 836 0
  Distancia: 2264.981399
  Carga: 131.000000

Rota 7: 0 234 321 214 92 28 107 899 707 220 231 501 293 245 802 294 89 452 356 1041 397 731 443 965 404 721 749 126 520 91 761 273 925 561 355 538 1039 0
  Distancia: 3300.410526
  Carga: 131.000000

Rota 8: 0 369 42 453 429 347 366 653 11 644 661 518 720 68 357 688 468 172 455 597 176 399 1001 630 760 693 648 492 0
  Distancia: 2404.284906
  Carga: 131.000000

Rota 9: 0 908 826 96 972 942 938 592 10 506 371 154 258 1009 329 776 285 263 259 904 160 149 229 377 542 146 955 789 766 0
  Distancia: 2640.754547
  Carga: 131.000000

Rota 10: 0 485 343 402 361 929 495 843 567 138 714 2 253 1018 67 338 224 715 315 461 897 916 571 203 18 0
  Distancia: 3082.643785
  Carga: 131.000000

Rota 11: 0 664 768 350 844 611 861 616 717 730 917 779 895 296 95 209 358 857 1004 291 580 924 200 672 593 211 346 0
  Distancia: 2964.861101
  Carga: 131.000000

Rota 12: 0 723 794 48 547 90 450 991 159 233 323 387 1017 100 519 170 368 711 419 34 855 866 928 821 790 311 970 627 134 831 1006 167 643 0
  Distancia: 3569.476851
  Carga: 131.000000

Rota 13: 0 12 656 424 444 330 427 906 933 238 60 442 939 526 830 164 845 1015 818 607 915 141 372 816 237 300 0
  Distancia: 2265.741348
  Carga: 131.000000

Rota 14: 0 524 63 384 462 793 943 269 573 218 313 43 738 706 746 1035 636 458 628 191 851 374 93 119 0
  Distancia: 2983.956990
  Carga: 131.000000

Rota 15: 0 236 565 600 197 133 724 248 171 262 392 327 500 212 319 848 769 1089 602 922 114 752 898 306 969 935 179 557 260 0
  Distancia: 2826.596672
  Carga: 131.000000

Rota 16: 0 658 978 13 230 55 145 783 755 817 804 588 417 944 1050 128 625 879 785 859 227 703 952 792 808 984 509 0
  Distancia: 2665.726829
  Carga: 131.000000

Rota 17: 0 502 727 647 888 454 6 388 173 428 210 1 1022 144 279 186 803 85 806 110 115 873 0
  Distancia: 3015.781138
  Carga: 131.000000

Rota 18: 0 316 289 390 441 709 129 594 412 14 696 560 278 623 705 621 1010 872 945 411 739 31 103 708 277 283 94 634 660 0
  Distancia: 2782.851497
  Carga: 130.000000

Rota 19: 0 775 86 284 590 690 697 190 215 363 267 587 858 473 205 472 534 1028 613 837 595 416 868 528 282 650 80 433 819 0
  Distancia: 2481.545329
  Carga: 131.000000

Rota 20: 0 457 142 498 757 747 398 750 174 911 26 77 963 651 35 257 1027 889 340 701 586 800 490 157 742 0
  Distancia: 2697.439950
  Carga: 131.000000

Rota 21: 0 694 992 56 84 497 835 420 477 610 189 466 97 1026 543 985 57 948 983 318 744 488 606 815 515 0
  Distancia: 2774.412641
  Carga: 131.000000

Rota 22: 0 148 686 770 403 332 975 828 287 689 304 732 33 994 1037 16 673 446 222 376 624 713 982 913 894 325 0
  Distancia: 2769.839241
  Carga: 131.000000

Rota 23: 0 122 309 155 272 73 536 513 124 936 475 856 1036 559 410 208 626 981 778 733 303 463 734 870 601 0
  Distancia: 2881.868053
  Carga: 131.000000

Rota 24: 0 767 49 116 400 256 668 395 1000 799 777 798 667 1016 603 670 990 685 251 949 81 246 659 265 280 0
  Distancia: 3189.043688
  Carga: 131.000000

Rota 25: 0 840 194 460 459 439 960 430 718 893 910 181 447 391 1013 987 362 385 158 105 175 740 583 74 937 0
  Distancia: 2782.249321
  Carga: 131.000000

Rota 26: 0 407 322 762 228 523 437 568 70 349 382 665 241 342 334 510 196 1019 445 635 307 414 21 632 469 0
  Distancia: 2446.605269
  Carga: 131.000000

Rota 27: 0 44 722 120 207 409 585 61 974 82 188 221 842 751 907 1008 339 887 199 657 226 883 324 72 352 619 0
  Distancia: 3190.548153
  Carga: 130.000000

Rota 28: 0 483 64 59 153 255 130 290 396 480 548 353 609 182 920 1044 178 423 539 649 365 217 180 37 183 553 486 5 1003 0
  Distancia: 3209.500965
  Carga: 131.000000

Rota 29: 0 266 467 140 65 152 646 380 584 691 729 383 669 503 687 415 1025 83 886 20 795 286 331 599 629 32 438 305 884 132 0
  Distancia: 3124.247488
  Carga: 131.000000

Rota 30: 0 637 953 932 165 572 223 40 589 880 639 1055 827 351 545 344 474 968 758 254 832 552 947 1064 516 360 614 479 954 0
  Distancia: 3758.751193
  Carga: 131.000000

Rota 31: 0 185 763 951 166 986 106 977 1034 772 511 544 743 252 426 281 276 326 550 563 36 478 250 295 1045 574 135 367 0
  Distancia: 3893.595547
  Carga: 131.000000

Rota 32: 0 652 112 863 422 796 725 109 102 641 909 1054 841 675 716 147 381 449 967 764 156 681 782 864 1048 0
  Distancia: 3165.784469
  Carga: 131.000000

Rota 33: 0 98 464 436 966 633 582 853 108 23 38 451 645 136 1031 264 341 678 902 125 862 373 465 846 642 737 753 0
  Distancia: 3069.915365
  Carga: 131.000000

Rota 34: 0 54 877 521 4 235 435 1053 631 996 555 973 308 575 541 244 712 881 765 163 1073 554 0
  Distancia: 3823.103653
  Carga: 131.000000

Rota 35: 0 604 242 99 824 192 608 75 249 787 225 448 1043 612 137 829 878 961 121 860 997 615 695 1012 0
  Distancia: 3256.245369
  Carga: 131.000000

Rota 36: 0 274 719 364 558 359 813 995 76 161 912 1007 700 527 184 193 348 512 401 885 569 704 302 1032 0
  Distancia: 3426.452039
  Carga: 131.000000

Rota 37: 0 962 797 564 525 814 50 901 598 239 849 1062 432 78 333 216 999 471 517 514 617 299 581 640 0
  Distancia: 3137.881998
  Carga: 131.000000

Rota 38: 0 394 310 923 493 288 111 950 926 529 292 679 741 69 890 1071 169 482 684 620 771 918 0
  Distancia: 2953.904033
  Carga: 131.000000

Rota 39: 0 270 807 556 46 682 1061 336 666 162 470 546 896 674 317 677 823 976 979 781 202 1033 0
  Distancia: 3615.262543
  Carga: 131.000000

Rota 40: 0 622 882 941 810 370 940 1080 271 530 389 618 891 496 756 66 113 79 577 869 576 87 47 1049 0
  Distancia: 3707.522018
  Carga: 131.000000

Rota 41: 0 788 7 699 946 476 820 421 780 591 17 3 1070 405 971 566 854 834 195 481 0
  Distancia: 2996.630237
  Carga: 131.000000

Rota 42: 0 378 892 213 425 833 838 1063 19 275 127 791 504 314 268 131 654 551 726 434 312 1058 579 379 0
  Distancia: 4147.368831
  Carga: 131.000000

Rota 43: 0 852 198 680 240 874 676 375 51 847 117 1052 30 393 989 692 118 232 671 219 440 931 301 735 748 0
  Distancia: 3108.596141
  Carga: 131.000000

Numero de rotas: 43
Distancia total: 124664.320158
