Instancia: X-n1001-k43

FO (Funcao Objetivo): 124238.599055
TEMPO (seg): 300.000676
TEMPO_MELHOR (seg): 300.000655

Rotas:
Rota 1: 0 540 958 187 935 151 433 515 0
  Distancia: 416.138611
  Carga: 66.000000

Rota 2: 0 300 485 214 865 80 588 41 561 774 815 916 24 56 352 160 928 422 929 535 328 826 955 789 921 1003 0
  Distancia: 1802.207515
  Carga: 130.000000

Rota 3: 0 903 457 110 643 143 817 694 784 374 330 243 85 783 119 203 145 656 55 260 930 0
  Distancia: 1096.071074
  Carga: 131.000000

Rota 4: 0 408 698 873 532 978 522 557 372 538 15 361 9 634 94 406 346 220 74 707 852 44 234 801 0
  Distancia: 1298.112345
  Carga: 131.000000

Rota 5: 0 369 25 28 767 245 802 197 792 31 884 509 596 261 52 392 717 188 397 337 655 416 27 648 1002 600 231 748 0
  Distancia: 1906.348072
  Carga: 129.000000

Rota 6: 0 601 507 230 424 487 150 944 89 578 745 696 968 639 624 1055 874 945 411 637 894 683 753 298 293 289 132 735 354 0
  Distancia: 2543.614050
  Carga: 130.000000

Rota 7: 0 816 844 804 702 905 490 303 733 796 183 725 199 948 258 250 997 470 77 909 365 1027 311 138 526 904 394 413 0
  Distancia: 2546.137252
  Carga: 131.000000

Rota 8: 0 236 836 469 722 562 86 68 284 499 583 703 390 49 129 468 846 334 1001 613 760 693 739 927 440 322 839 794 723 876 0
  Distancia: 2443.303380
  Carga: 127.000000

Rota 9: 0 505 237 611 959 754 793 318 99 567 838 102 109 553 841 458 764 130 898 1005 201 279 133 297 301 533 570 931 320 988 0
  Distancia: 2494.412354
  Carga: 131.000000

Rota 10: 0 141 914 164 57 295 716 536 19 963 410 208 926 979 329 626 939 790 226 1009 950 896 292 154 941 84 956 734 0
  Distancia: 2740.763109
  Carga: 130.000000

Rota 11: 0 766 822 900 501 650 402 417 980 283 452 728 708 812 266 386 934 96 870 607 806 1012 350 0
  Distancia: 1711.755350
  Carga: 130.000000

Rota 12: 0 819 321 937 343 107 120 479 516 465 205 33 834 287 181 1004 294 168 444 964 742 908 12 335 662 768 664 658 0
  Distancia: 2751.679347
  Carga: 131.000000

Rota 13: 0 62 786 456 843 923 310 263 317 253 371 398 933 135 340 831 757 139 992 1006 377 809 64 998 542 146 179 0
  Distancia: 2207.360032
  Carga: 130.000000

Rota 14: 0 177 98 42 414 590 953 445 597 523 412 765 222 175 116 640 952 528 1020 825 104 355 524 18 0
  Distancia: 2293.484017
  Carga: 131.000000

Rota 15: 0 969 949 353 609 156 224 477 338 121 1017 65 670 247 480 616 246 659 418 582 633 1000 105 61 172 274 1011 240 92 0
  Distancia: 3482.486633
  Carga: 131.000000

Rota 16: 0 13 755 484 93 431 248 508 140 255 53 706 548 907 313 573 746 1008 519 897 72 778 495 229 29 619 167 915 736 0
  Distancia: 2979.564708
  Carga: 131.000000

Rota 17: 0 316 491 48 227 859 797 718 20 131 511 971 591 159 991 910 450 118 210 1013 90 712 881 278 176 605 690 549 993 0
  Distancia: 3031.650175
  Carga: 131.000000

Rota 18: 0 775 805 190 688 455 585 165 421 47 268 749 1007 576 136 603 434 430 514 428 847 447 545 439 407 0
  Distancia: 3184.262670
  Carga: 131.000000

Rota 19: 0 367 149 701 142 867 112 970 67 1018 855 628 976 651 546 539 615 679 170 420 36 466 769 100 606 1015 206 972 0
  Distancia: 3784.192838
  Carga: 131.000000

Rota 20: 0 660 471 6 520 239 598 425 438 1116 269 488 824 864 461 715 449 381 174 911 674 34 37 238 918 1024 115 537 0
  Distancia: 3683.132392
  Carga: 131.000000

Rota 21: 0 638 531 265 663 277 861 82 593 879 785 672 209 799 308 232 1022 857 623 837 481 459 547 101 808 211 282 0
  Distancia: 2900.797600
  Carga: 131.000000

Rota 22: 0 21 207 720 464 982 215 307 148 614 366 589 254 758 332 342 7 676 1010 40 70 437 994 595 762 194 0
  Distancia: 2745.922965
  Carga: 131.000000

Rota 23: 0 492 740 441 966 446 558 351 476 341 376 472 399 947 196 1019 228 436 630 534 932 661 954 325 8 0
  Distancia: 2677.725033
  Carga: 131.000000

Rota 24: 0 942 186 306 604 938 489 315 529 339 543 890 1026 75 432 888 327 128 668 962 727 984 0
  Distancia: 2793.537375
  Carga: 131.000000

Rota 25: 0 737 429 554 357 409 673 163 621 11 241 267 644 686 510 1028 360 347 697 642 518 453 632 0
  Distancia: 2409.259987
  Carga: 131.000000

Rota 26: 0 919 709 773 665 473 699 568 264 1031 692 286 798 995 405 580 244 344 304 732 572 560 14 868 1038 0
  Distancia: 3577.291331
  Carga: 131.000000

Rota 27: 0 974 443 43 221 114 396 738 647 990 685 833 625 299 358 1040 1 780 828 579 705 946 902 770 635 788 913 899 0
  Distancia: 2972.719943
  Carga: 131.000000

Rota 28: 0 5 887 180 493 851 35 285 1045 26 147 69 178 810 272 309 943 251 213 842 153 59 724 0
  Distancia: 3049.479705
  Carga: 131.000000

Rota 29: 0 58 463 157 803 957 845 800 60 574 288 559 1054 821 747 427 134 771 122 751 45 356 22 0
  Distancia: 2907.192734
  Carga: 131.000000

Rota 30: 0 840 494 280 719 39 850 379 108 95 500 917 704 608 1035 530 319 281 877 512 333 940 602 486 0
  Distancia: 3183.138471
  Carga: 131.000000

Rota 31: 0 710 400 451 525 726 989 577 362 813 291 960 391 1049 312 144 51 375 854 195 975 474 123 0
  Distancia: 2956.488965
  Carga: 131.000000

Rota 32: 0 467 871 502 103 925 273 965 853 378 752 262 1023 290 81 192 204 384 592 63 695 270 906 10 0
  Distancia: 2975.273986
  Carga: 131.000000

Rota 33: 0 368 985 860 849 389 920 1044 97 323 271 166 961 556 380 401 78 302 454 517 23 811 16 1037 552 858 125 872 0
  Distancia: 4041.989932
  Carga: 131.000000

Rota 34: 0 622 866 781 442 776 2 191 324 883 677 257 711 641 217 259 475 627 936 856 657 1063 675 922 0
  Distancia: 2749.253055
  Carga: 131.000000

Rota 35: 0 71 617 893 87 17 3 66 687 415 977 912 1016 729 46 791 4 891 612 161 667 83 795 654 331 756 395 1032 0
  Distancia: 3317.938752
  Carga: 131.000000

Rota 36: 0 462 620 513 744 681 155 741 435 275 387 1053 666 618 951 137 127 233 669 348 829 185 779 212 305 892 171 731 1058 158 460 0
  Distancia: 4128.006089
  Carga: 131.000000

Rota 37: 0 242 782 646 901 383 503 1025 878 967 189 835 423 823 497 636 807 983 830 506 863 1042 0
  Distancia: 3440.666583
  Carga: 131.000000

Rota 38: 0 326 691 629 173 200 1067 594 223 827 349 382 678 862 832 653 373 363 880 713 364 219 1047 0
  Distancia: 3411.867041
  Carga: 131.000000

Rota 39: 0 586 882 889 478 73 182 563 550 152 1062 848 584 336 193 169 54 973 544 393 388 551 32 999 730 1041 0
  Distancia: 3558.992364
  Carga: 131.000000

Rota 40: 0 256 761 645 814 482 235 763 184 496 448 1034 91 296 50 216 787 126 225 504 700 252 426 743 113 682 869 587 1046 0
  Distancia: 3965.322892
  Carga: 131.000000

Rota 41: 0 218 885 249 370 631 276 521 106 527 1043 886 772 79 777 117 575 404 555 599 610 684 1071 124 0
  Distancia: 4011.585756
  Carga: 131.000000

Rota 42: 0 671 581 564 38 924 566 541 385 820 359 1076 689 987 76 314 30 895 569 750 1072 111 0
  Distancia: 4222.461117
  Carga: 131.000000

Rota 43: 0 483 571 818 88 652 759 202 498 981 714 649 419 1090 162 996 986 721 1085 403 680 198 875 345 565 0
  Distancia: 3845.011456
  Carga: 131.000000

Numero de rotas: 43
Distancia total: 124238.599055
