Instancia: X-n1001-k43

FO (Funcao Objetivo): 84203.533853
TEMPO (seg): 303.386615
TEMPO_MELHOR (seg): 281.813320

Rotas:
Rota 1: 0 658 408 664 698 930 321 485 300 836 234 801 0
  Distancia: 395.979439
  Carga: 60.000000

Rota 2: 0 505 540 958 766 822 921 179 789 538 141 96 146 870 826 955 372 110 806 557 115 736 457 903 0
  Distancia: 854.111773
  Carga: 129.000000

Rota 3: 0 350 601 260 507 537 230 55 145 203 964 424 656 522 13 908 12 532 978 335 662 768 873 18 0
  Distancia: 969.471613
  Carga: 131.000000

Rota 4: 0 316 565 214 231 931 600 570 533 132 289 491 293 48 767 240 28 92 680 25 177 875 198 343 937 345 723 236 0
  Distancia: 916.919610
  Carga: 129.000000

Rota 5: 0 816 524 844 611 804 702 15 361 9 634 355 944 942 186 417 969 724 561 297 22 294 900 935 151 0
  Distancia: 1163.445346
  Carga: 131.000000

Rota 6: 0 44 852 993 775 492 710 220 282 74 707 753 123 722 899 207 919 42 21 632 325 549 107 98 8 469 369 0
  Distancia: 1303.981865
  Carga: 131.000000

Rota 7: 0 735 650 588 346 402 197 211 840 792 808 884 31 502 984 452 94 406 41 972 501 80 660 301 0
  Distancia: 1236.421767
  Carga: 131.000000

Rota 8: 0 742 119 783 755 444 484 88 58 85 62 367 243 330 652 374 929 918 535 142 328 490 157 0
  Distancia: 1266.424076
  Carga: 131.000000

Rota 9: 0 607 694 818 619 905 734 934 487 542 998 64 956 29 916 914 992 867 784 93 817 167 168 143 643 0
  Distancia: 1481.175836
  Carga: 131.000000

Rota 10: 0 483 915 571 809 845 498 757 831 340 906 778 733 352 56 84 863 122 695 63 164 10 112 24 803 150 1005 0
  Distancia: 1708.752395
  Carga: 131.000000

Rota 11: 0 407 839 825 322 499 719 583 739 927 440 952 194 280 640 547 101 494 802 104 298 245 0
  Distancia: 1257.986927
  Carga: 131.000000

Rota 12: 0 562 120 683 913 894 954 274 453 805 637 68 411 953 409 357 554 688 172 585 837 720 590 0
  Distancia: 1504.289378
  Carga: 131.000000

Rota 13: 0 86 414 436 16 760 446 594 412 474 481 673 61 441 49 531 740 416 868 27 648 528 284 638 0
  Distancia: 1630.132801
  Carga: 131.000000

Rota 14: 0 431 206 957 489 139 815 959 242 754 59 592 384 153 255 751 842 130 53 949 213 114 396 221 480 1009 0
  Distancia: 1748.912051
  Carga: 131.000000

Rota 15: 0 133 283 861 52 262 752 727 659 731 443 625 247 43 892 378 925 246 392 898 871 508 201 45 306 248 812 0
  Distancia: 1615.779805
  Carga: 131.000000

Rota 16: 0 89 279 509 578 728 980 356 604 266 467 290 81 313 218 192 573 309 943 140 204 774 938 386 1006 0
  Distancia: 1768.535562
  Carga: 131.000000

Rota 17: 0 377 463 800 413 786 622 149 394 495 759 202 229 303 427 456 701 238 422 135 933 747 1011 0
  Distancia: 1809.522614
  Carga: 131.000000

Rota 18: 0 737 479 690 307 788 635 148 614 872 347 516 465 241 832 862 587 770 342 373 644 686 661 846 1003 0
  Distancia: 1827.895393
  Carga: 131.000000

Rota 19: 0 277 261 171 188 82 418 962 672 797 451 90 256 859 785 879 593 397 265 663 708 596 103 337 850 655 1004 0
  Distancia: 2061.906368
  Carga: 131.000000

Rota 20: 0 794 219 703 390 175 693 595 765 709 455 605 468 534 639 196 597 222 364 630 523 163 568 472 176 399 510 1001 0
  Distancia: 1949.122017
  Carga: 131.000000

Rota 21: 0 464 945 874 518 642 429 697 773 190 215 713 445 982 932 880 7 624 376 676 552 678 349 473 1002 0
  Distancia: 1997.614611
  Carga: 131.000000

Rota 22: 0 39 379 966 116 633 582 974 400 581 227 617 299 712 23 108 200 1000 434 430 960 291 857 0
  Distancia: 2056.910938
  Carga: 131.000000

Rota 23: 0 745 762 811 459 671 144 545 439 358 232 391 264 447 847 359 244 51 375 854 1 278 0
  Distancia: 2046.224982
  Carga: 131.000000

Rota 24: 0 71 668 853 517 471 761 670 128 425 273 717 616 738 647 706 990 833 305 438 353 548 681 251 907 922 269 864 513 0
  Distancia: 2296.635785
  Carga: 131.000000

Rota 25: 0 270 897 183 37 725 941 936 796 627 475 311 628 111 909 317 285 574 821 263 72 939 904 259 526 790 138 567 180 1012 0
  Distancia: 2071.167561
  Carga: 131.000000

Rota 26: 0 360 366 267 653 363 334 11 254 589 758 403 125 332 902 382 858 40 341 621 827 699 205 223 70 946 705 975 351 828 579 158 572 228 0
  Distancia: 2555.662664
  Carga: 131.000000

Rota 27: 0 134 771 506 620 830 99 983 318 793 744 488 824 750 807 155 100 636 486 553 199 0
  Distancia: 1998.744339
  Carga: 131.000000

Rota 28: 0 586 60 882 866 981 843 928 160 889 398 124 461 887 948 109 315 519 841 57 73 536 147 368 67 26 0
  Distancia: 2317.244762
  Carga: 131.000000

Rota 29: 0 462 5 606 782 609 684 182 156 764 543 985 715 224 178 69 741 458 339 170 381 420 19 470 0
  Distancia: 2312.326056
  Carga: 131.000000

Rota 30: 0 129 613 165 14 623 195 560 105 696 881 304 834 732 558 33 968 994 437 947 476 820 1007 460 0
  Distancia: 2484.637321
  Carga: 131.000000

Rota 31: 0 310 923 781 442 855 493 626 288 329 34 776 714 2 851 976 35 191 324 649 979 677 419 1017 0
  Distancia: 2313.729146
  Carga: 131.000000

Rota 32: 0 970 838 657 856 371 154 258 102 174 911 615 250 675 716 559 497 292 679 77 963 423 410 651 295 0
  Distancia: 2334.768415
  Carga: 131.000000

Rota 33: 0 769 835 546 208 926 823 883 539 257 529 711 950 674 641 896 226 1018 253 365 217 0
  Distancia: 2534.602836
  Carga: 131.000000

Rota 34: 0 65 685 569 746 940 920 860 121 387 550 961 530 389 380 401 185 512 598 54 779 216 599 901 555 520 6 0
  Distancia: 2372.547094
  Carga: 131.000000

Rota 35: 0 665 344 385 287 780 689 421 362 987 591 47 971 117 405 995 87 576 20 388 777 286 83 0
  Distancia: 2894.861760
  Carga: 131.000000

Rota 36: 0 312 514 210 181 541 566 580 575 813 428 118 450 799 209 603 38 525 395 564 1010 0
  Distancia: 2277.669160
  Carga: 131.000000

Rota 37: 0 327 302 500 917 730 75 608 885 152 370 646 78 212 249 704 432 888 814 999 50 296 91 965 0
  Distancia: 2333.250585
  Carga: 131.000000

Rota 38: 0 602 272 563 890 435 466 810 189 275 967 848 162 584 235 336 271 666 631 319 878 326 849 97 1015 0
  Distancia: 2506.794169
  Carga: 131.000000

Rota 39: 0 645 95 454 32 629 756 973 331 895 404 989 726 551 173 893 136 910 991 924 308 17 577 511 393 682 0
  Distancia: 2730.768308
  Carga: 131.000000

Rota 40: 0 718 692 869 795 654 544 721 912 448 977 669 749 415 233 225 612 106 891 281 986 4 276 791 184 951 137 127 46 0
  Distancia: 2767.625084
  Carga: 131.000000

Rota 41: 0 478 36 997 449 477 610 338 193 166 323 763 618 169 829 348 239 691 877 729 126 66 0
  Distancia: 3038.060032
  Carga: 131.000000

Rota 42: 0 333 482 556 787 496 521 996 383 503 687 426 252 700 504 527 30 743 314 113 798 3 0
  Distancia: 2978.486378
  Carga: 130.000000

Rota 43: 0 515 433 187 237 131 268 667 161 886 76 772 79 159 1008 865 320 988 354 876 748 819 0
  Distancia: 2512.435233
  Carga: 131.000000

Numero de rotas: 43
Distancia total: 84203.533853
