Instancia: X-n1001-k43

UB (Upper Bound): 194863.131913
TEMPO (seg): 30.731556

Rotas:
Rota 1: 0 816 369 524 934 956 643 96 132 501 600 650 240 1002 372 656 13 354 187 143 958 0
  Distancia: 2958.839970
  Carga: 123.000000

Rota 2: 0 768 167 803 164 539 339 478 259 567 1009 199 224 559 242 992 796 174 1006 62 619 870 0
  Distancia: 4062.052687
  Carga: 110.000000

Rota 3: 0 245 490 781 741 182 1008 213 309 221 647 327 696 428 38 425 1005 751 413 955 736 119 0
  Distancia: 4621.931965
  Carga: 115.000000

Rota 4: 0 107 927 881 617 454 387 1008 834 560 558 572 780 689 719 1002 690 307 642 464 453 293 844 433 0
  Distancia: 4405.405373
  Carga: 129.000000

Rota 5: 0 748 179 538 757 270 134 620 906 622 586 419 677 1009 790 458 764 841 36 77 911 997 420 823 1009 64 146 0
  Distancia: 3952.981776
  Carga: 130.000000

Rota 6: 0 833 598 319 401 91 645 209 430 1004 447 893 853 726 95 795 50 137 466 1008 323 891 521 127 162 860 807 112 94 1002 0
  Distancia: 5289.229040
  Carga: 131.000000

Rota 7: 0 12 535 867 377 229 330 495 889 365 423 1009 778 72 981 493 821 856 517 128 305 1005 634 55 0
  Distancia: 3826.587915
  Carga: 122.000000

Rota 8: 0 133 43 362 181 3 869 1007 233 749 555 995 17 813 971 459 400 395 200 1004 48 301 115 0
  Distancia: 4066.353708
  Carga: 118.000000

Rota 9: 0 289 865 554 357 683 516 1001 396 273 439 564 244 1007 986 496 527 577 772 30 504 503 450 90 1004 316 505 0
  Distancia: 5198.363903
  Carga: 131.000000

Rota 10: 0 230 300 937 151 29 52 1005 766 959 462 606 782 519 1008 691 239 185 951 451 593 214 74 1002 28 345 0
  Distancia: 4803.678788
  Carga: 129.000000

Rota 11: 0 734 135 936 475 217 933 866 317 574 1009 824 543 769 353 641 716 864 845 1006 806 978 532 0
  Distancia: 3764.590733
  Carga: 118.000000

Rota 12: 0 150 942 804 571 157 915 484 908 789 1003 635 409 770 661 363 758 403 11 254 862 125 678 1001 274 120 590 534 163 468 211 9 0
  Distancia: 4774.708309
  Carga: 129.000000

Rota 13: 0 343 42 648 480 663 434 358 1004 385 857 859 708 592 313 685 746 940 681 684 573 1008 147 950 786 969 0
  Distancia: 4743.229059
  Carga: 118.000000

Rota 14: 0 177 172 49 27 868 455 364 445 437 360 1001 637 805 745 808 596 509 322 0
  Distancia: 3029.726050
  Carga: 106.000000

Rota 15: 0 203 935 611 800 295 410 711 1009 513 153 272 920 512 618 4 6 599 296 1005 499 723 44 0
  Distancia: 4045.461574
  Carga: 111.000000

Rota 16: 0 931 533 767 379 10 914 896 371 1009 922 563 602 275 631 636 646 550 271 1008 744 45 81 269 100 502 1003 0
  Distancia: 4945.044935
  Carga: 119.000000

Rota 17: 0 588 280 974 452 194 116 693 446 232 1004 591 987 541 304 624 267 872 953 16 597 412 1004 580 79 576 389 616 1005 0
  Distancia: 5040.699914
  Carga: 121.000000

Rota 18: 0 801 361 944 787 721 511 216 1007 415 383 729 333 75 247 308 117 47 712 659 1005 916 774 386 346 818 826 921 0
  Distancia: 4515.096672
  Carga: 130.000000

Rota 19: 0 884 277 854 195 614 1001 621 975 828 219 551 895 756 545 1004 665 589 653 686 899 236 0
  Distancia: 4527.473544
  Carga: 124.000000

Rota 20: 0 753 839 206 667 1007 276 700 252 426 612 225 912 54 687 810 1008 99 122 140 905 784 417 528 1002 0
  Distancia: 4951.927982
  Carga: 129.000000

Rota 21: 0 80 407 710 220 197 279 294 625 879 256 249 432 1008 449 102 37 536 192 155 990 1005 298 92 836 0
  Distancia: 3612.162059
  Carga: 118.000000

Rota 22: 0 903 822 22 101 984 842 370 435 657 1009 979 649 35 111 851 2 288 776 695 488 461 752 1005 31 698 601 0
  Distancia: 4090.780229
  Carga: 127.000000

Rota 23: 0 59 750 348 106 393 131 161 1007 331 281 977 46 193 169 121 967 338 829 1008 714 191 843 367 457 0
  Distancia: 4405.917492
  Carga: 131.000000

Rota 24: 0 894 638 982 7 347 773 284 474 1001 720 840 390 581 248 246 53 251 124 1009 285 674 755 0
  Distancia: 4322.810655
  Carga: 131.000000

Rota 25: 0 196 148 633 103 1005 500 730 609 983 715 486 318 60 923 329 855 1009 73 152 302 999 1000 299 471 1002 325 0
  Distancia: 5365.888787
  Carga: 125.000000

Rota 26: 0 819 993 832 399 623 241 1001 671 673 14 228 105 837 531 740 583 952 494 41 198 231 483 1003 0
  Distancia: 3361.130015
  Carga: 121.000000

Rota 27: 0 739 676 341 472 373 644 568 1004 799 76 566 312 761 763 877 556 1008 941 897 84 352 759 0
  Distancia: 4198.188805
  Carga: 131.000000

Rota 28: 0 775 332 525 603 1005 467 561 186 202 456 34 909 253 422 394 340 970 226 1009 156 218 717 397 785 871 266 794 321 0
  Distancia: 4925.680530
  Carga: 121.000000

Rota 29: 0 702 89 508 608 704 482 530 326 336 1008 962 668 553 497 529 628 679 1006 507 260 350 0
  Distancia: 3575.458649
  Carga: 126.000000

Rota 30: 0 168 93 85 180 948 793 754 812 655 1005 629 849 548 731 692 777 669 126 1007 306 139 250 1005 707 487 18 0
  Distancia: 6001.555998
  Carga: 122.000000

Rota 31: 0 607 904 154 67 57 138 733 627 183 1009 438 670 87 23 925 114 604 171 1005 520 388 973 989 136 118 61 86 919 1002 0
  Distancia: 5273.502862
  Carga: 123.000000

Rota 32: 0 15 24 830 675 69 917 888 1004 523 585 68 932 518 874 334 176 688 129 165 481 765 1001 737 440 0
  Distancia: 4227.655392
  Carga: 127.000000

Rota 33: 0 441 436 460 797 991 264 1004 39 175 51 732 476 421 946 705 158 351 514 375 1004 108 71 337 547 491 0
  Distancia: 4037.299503
  Carga: 130.000000

Rota 34: 0 320 792 892 32 97 848 885 212 78 1008 178 477 381 470 189 368 258 498 701 929 964 1003 0
  Distancia: 3368.873140
  Carga: 122.000000

Rota 35: 0 335 662 900 21 632 549 722 587 349 858 552 376 1001 613 947 827 968 966 811 820 595 709 703 416 1002 735 0
  Distancia: 3709.798757
  Carga: 121.000000

Rota 36: 0 742 928 546 208 963 926 883 526 263 1009 835 985 738 943 5 569 380 1008 303 427 540 408 0
  Distancia: 4103.805467
  Carga: 129.000000

Rota 37: 0 234 8 282 402 802 825 287 344 1004 20 910 960 404 544 66 798 743 314 901 965 391 1004 83 718 378 201 485 0
  Distancia: 4517.301805
  Carga: 131.000000

Rota 38: 0 145 141 355 297 290 861 938 283 384 311 1009 170 19 610 166 235 666 878 961 584 184 996 791 779 1008 771 506 356 660 0
  Distancia: 4253.810856
  Carga: 127.000000

Rota 39: 0 988 492 473 223 630 639 697 713 788 1001 699 994 847 448 654 268 924 405 359 1001 465 406 852 515 664 0
  Distancia: 4430.091429
  Carga: 118.000000

Rota 40: 0 469 98 25 479 846 429 222 594 760 1004 286 575 159 113 886 210 291 173 682 1004 144 640 570 876 0
  Distancia: 3928.700104
  Carga: 118.000000

Rota 41: 0 237 537 557 374 918 863 882 887 838 1009 431 130 724 957 706 672 188 1005 980 123 954 945 880 913 562 875 0
  Distancia: 4611.330253
  Carga: 129.000000

Rota 42: 0 658 728 578 815 204 257 324 651 615 1009 26 315 398 109 747 725 907 582 265 418 82 392 262 898 1005 227 972 424 0
  Distancia: 4530.112188
  Carga: 122.000000

Rota 43: 0 565 104 762 1 278 850 190 510 1001 366 40 382 33 579 70 205 342 902 215 605 411 1002 680 0
  Distancia: 3665.514234
  Carga: 115.000000

Rota 44: 0 873 142 63 809 463 489 160 238 831 1009 976 626 939 310 442 149 783 110 930 0
  Distancia: 3001.175326
  Carga: 121.000000

Rota 45: 0 998 243 58 88 292 890 1008 56 65 814 443 949 255 727 1005 542 261 414 207 1002 328 652 444 522 817 694 0
  Distancia: 5821.203479
  Carga: 128.000000

Numero de rotas: 45
Distancia total: 194863.131913
