Instancia: X-n1001-k43

FO (Funcao Objetivo): 124254.042294
TEMPO (seg): 300.001037
TEMPO_MELHOR (seg): 300.001021

Rotas:
Rota 1: 0 540 958 822 955 905 818 928 285 288 776 714 2 419 559 1009 866 60 622 537 507 0
  Distancia: 2224.973457
  Carga: 131.000000

Rota 2: 0 515 187 935 151 320 214 565 0
  Distancia: 529.763426
  Carga: 64.000000

Rota 3: 0 234 343 875 44 852 25 74 411 554 468 597 474 175 390 640 194 282 1056 289 650 734 487 918 167 55 662 698 0
  Distancia: 2666.489100
  Carga: 131.000000

Rota 4: 0 485 345 931 298 840 211 494 792 101 133 94 15 538 372 557 115 768 408 658 0
  Distancia: 1347.375475
  Carga: 130.000000

Rota 5: 0 865 533 294 984 277 861 82 219 703 740 207 274 899 86 1047 702 141 870 607 143 643 736 0
  Distancia: 2185.549624
  Carga: 130.000000

Rota 6: 0 179 806 915 571 826 9 972 592 830 84 498 229 463 377 64 157 1006 93 88 484 13 978 532 873 0
  Distancia: 2109.361519
  Carga: 131.000000

Rota 7: 0 937 28 240 120 683 894 913 453 429 366 267 241 125 902 621 205 437 412 594 837 27 284 1020 753 369 0
  Distancia: 2063.426248
  Carga: 129.000000

Rota 8: 0 930 350 522 203 168 62 85 694 784 495 831 475 838 371 147 610 769 563 1062 387 631 415 520 646 681 130 150 146 0
  Distancia: 3252.231613
  Carga: 130.000000

Rota 9: 0 903 457 110 789 660 301 570 245 464 605 765 854 732 476 473 349 1001 215 190 637 42 8 801 0
  Distancia: 2442.099496
  Carga: 131.000000

Rota 10: 0 735 132 588 808 728 596 337 531 16 613 165 228 827 1028 690 549 98 632 638 220 839 491 316 0
  Distancia: 2392.170258
  Carga: 130.000000

Rota 11: 0 816 431 251 212 556 466 189 339 458 841 478 250 856 970 1018 427 303 929 330 783 964 119 656 742 12 0
  Distancia: 2546.223163
  Carga: 130.000000

Rota 12: 0 664 335 260 18 836 300 80 402 499 595 671 1058 32 471 672 273 949 569 156 100 983 553 461 253 790 1015 619 0
  Distancia: 3433.460317
  Carga: 131.000000

Rota 13: 0 819 236 601 908 145 755 817 142 422 778 526 923 855 34 909 217 311 657 1063 423 963 170 725 906 164 914 916 29 998 483 0
  Distancia: 2764.158430
  Carga: 131.000000

Rota 14: 0 748 876 794 407 767 710 104 346 197 440 583 648 868 994 820 51 439 1000 1031 256 785 397 221 114 262 0
  Distancia: 2659.830203
  Carga: 131.000000

Rota 15: 0 231 547 116 14 623 834 975 705 40 858 382 403 665 254 678 510 1010 630 709 585 534 7 644 872 614 805 562 0
  Distancia: 2768.879219
  Carga: 131.000000

Rota 16: 0 505 237 22 509 279 89 980 266 604 356 489 242 248 452 578 31 739 528 409 720 1002 707 123 775 92 680 321 0
  Distancia: 2117.263314
  Carga: 131.000000

Rota 17: 0 414 954 773 635 465 589 1004 286 512 401 380 530 848 920 333 75 65 824 943 81 752 1005 879 582 655 492 198 0
  Distancia: 3867.333674
  Carga: 131.000000

Rota 18: 0 177 993 688 364 399 572 304 375 210 910 924 777 393 682 667 1007 901 599 629 692 952 322 0
  Distancia: 2749.425609
  Carga: 131.000000

Rota 19: 0 290 871 261 663 708 188 625 247 43 925 392 246 396 990 313 922 182 602 746 1017 543 77 519 941 863 815 934 766 0
  Distancia: 2868.899039
  Carga: 131.000000

Rota 20: 0 723 719 460 762 459 633 797 418 668 892 659 71 265 52 1014 730 645 893 987 118 200 144 545 481 760 416 1011 0
  Distancia: 3199.503489
  Carga: 131.000000

Rota 21: 0 535 757 456 160 615 67 536 651 823 35 896 1027 398 183 751 140 204 754 306 45 938 206 957 186 969 297 355 0
  Distancia: 2836.060907
  Carga: 131.000000

Rota 22: 0 701 889 180 771 226 315 99 318 384 255 269 1008 302 128 853 717 706 139 803 867 328 652 367 424 230 0
  Distancia: 3172.968570
  Carga: 131.000000

Rota 23: 0 956 845 733 933 317 111 936 620 793 59 959 1032 213 907 917 517 443 731 727 508 812 283 724 561 0
  Distancia: 2885.930202
  Carga: 131.000000

Rota 24: 0 243 394 586 939 821 747 340 462 309 1134 275 36 69 675 716 529 926 324 851 677 950 109 506 270 992 1033 58 444 0
  Distancia: 3423.303827
  Carga: 131.000000

Rota 25: 0 41 942 386 201 467 616 480 438 432 78 598 691 885 1026 326 169 166 276 795 886 76 308 575 847 447 857 1029 0
  Distancia: 3464.592078
  Carga: 131.000000

Rota 26: 0 825 49 811 299 395 799 450 90 434 696 560 278 105 446 196 1055 686 661 697 788 21 722 0
  Distancia: 2402.330270
  Carga: 130.000000

Rota 27: 0 944 24 56 37 796 513 486 750 155 636 477 679 26 174 911 1036 546 410 979 329 626 574 72 259 843 149 374 0
  Distancia: 2939.344122
  Carga: 131.000000

Rota 28: 0 593 617 712 451 718 91 50 1035 295 192 548 833 738 670 95 989 136 209 581 358 391 1022 227 745 850 103 502 600 0
  Distancia: 3756.189470
  Carga: 131.000000

Rota 29: 0 307 148 347 516 653 363 373 832 862 587 770 624 880 445 874 982 932 222 568 472 1019 357 953 945 68 590 0
  Distancia: 2221.804352
  Carga: 130.000000

Rota 30: 0 287 159 405 83 161 1016 106 977 729 878 961 890 370 814 685 782 153 122 63 542 1021 0
  Distancia: 3261.007082
  Carga: 131.000000

Rota 31: 0 469 107 325 737 642 947 176 828 344 385 421 689 780 244 514 430 1013 995 576 20 895 296 603 525 859 406 0
  Distancia: 2805.330327
  Carga: 131.000000

Rota 32: 0 919 172 455 713 846 332 676 699 968 523 881 1040 541 47 971 551 544 239 319 162 121 684 154 1024 0
  Distancia: 3700.018455
  Carga: 131.000000

Rota 33: 0 413 786 759 202 238 135 352 199 948 73 741 435 849 860 152 1044 272 764 609 807 864 5 809 490 0
  Distancia: 2750.671273
  Carga: 131.000000

Rota 34: 0 673 558 158 756 331 1025 687 669 225 281 877 749 654 973 404 813 264 291 232 312 962 898 1023 884 417 96 0
  Distancia: 3750.961208
  Carga: 131.000000

Rota 35: 0 171 378 965 108 400 974 379 693 129 163 639 1037 360 334 342 11 552 341 70 223 946 579 351 1 195 33 436 61 1038 0
  Distancia: 3302.322147
  Carga: 131.000000

Rota 36: 0 53 353 608 940 185 389 235 763 951 184 137 496 126 1034 6 216 348 779 888 500 327 425 39 441 927 280 0
  Distancia: 3273.926092
  Carga: 131.000000

Rota 37: 0 695 897 124 258 641 539 711 257 649 442 781 904 263 365 1045 497 368 420 178 985 810 550 704 0
  Distancia: 3066.104010
  Carga: 131.000000

Rota 38: 0 479 518 758 376 1046 774 887 57 224 997 470 381 292 835 674 1054 493 981 567 627 606 488 842 0
  Distancia: 3947.718845
  Carga: 131.000000

Rota 39: 0 10 134 800 882 102 449 715 1053 338 967 271 323 127 791 996 46 383 986 527 504 700 252 743 1059 0
  Distancia: 3741.885747
  Carga: 131.000000

Rota 40: 0 428 991 87 577 17 117 591 181 359 1049 726 38 761 999 54 249 305 218 573 744 112 1030 0
  Distancia: 3167.720471
  Carga: 131.000000

Rota 41: 0 173 869 131 268 113 798 66 721 448 787 1043 503 426 891 4 584 97 666 618 829 454 564 1068 0
  Distancia: 3382.243486
  Carga: 131.000000

Rota 42: 0 555 912 388 511 79 772 3 314 1052 233 521 193 336 19 208 883 976 191 628 138 310 1051 0
  Distancia: 3654.093872
  Carga: 131.000000

Rota 43: 0 921 524 844 611 804 361 634 647 482 612 30 1061 580 362 566 960 23 966 802 48 293 501 900 988 433 354 0
  Distancia: 3159.098808
  Carga: 131.000000

Numero de rotas: 43
Distancia total: 124254.042294
