Instancia: X-n1001-k43

FO (Funcao Objetivo): 84121.549354
TEMPO (seg): 302.048618
TEMPO_MELHOR (seg): 302.048618

Rotas:
Rota 1: 0 658 408 698 873 18 350 958 540 0
  Distancia: 338.567044
  Carga: 57.000000

Rota 2: 0 748 876 214 794 931 533 132 80 301 660 611 844 524 900 935 151 187 433 354 515 0
  Distancia: 742.875664
  Carga: 131.000000

Rota 3: 0 664 768 662 335 978 532 12 908 13 230 507 537 115 557 806 110 483 955 372 789 538 141 702 361 0
  Distancia: 1034.777723
  Carga: 131.000000

Rota 4: 0 601 260 55 742 656 145 203 119 964 783 755 424 444 484 168 643 143 167 817 694 818 619 998 150 0
  Distancia: 1087.402987
  Carga: 131.000000

Rota 5: 0 485 852 343 198 875 177 25 28 92 240 775 492 707 74 710 220 839 767 407 680 937 345 565 0
  Distancia: 946.394547
  Carga: 130.000000

Rota 6: 0 736 374 929 328 490 463 377 157 809 803 916 29 956 64 542 487 934 734 146 870 826 179 921 822 0
  Distancia: 1354.209348
  Carga: 131.000000

Rota 7: 0 44 86 590 720 172 468 688 874 409 953 411 68 637 805 414 899 42 919 562 325 549 107 632 98 8 469 369 0
  Distancia: 1496.734561
  Carga: 131.000000

Rota 8: 0 735 650 293 48 298 104 322 440 194 927 739 583 719 648 284 638 282 825 245 491 865 320 0
  Distancia: 1220.702557
  Carga: 131.000000

Rota 9: 0 522 62 367 786 149 394 622 413 652 330 243 85 58 88 93 867 784 905 571 607 915 0
  Distancia: 1489.194163
  Carga: 131.000000

Rota 10: 0 321 723 588 41 406 346 402 802 197 840 211 494 792 808 31 884 578 984 246 392 355 634 972 501 9 15 804 237 505 0
  Distancia: 1617.497762
  Carga: 131.000000

Rota 11: 0 96 942 944 969 724 186 417 386 938 774 959 242 754 59 592 384 153 255 751 842 81 130 53 949 114 438 480 221 1009 0
  Distancia: 1931.111163
  Carga: 131.000000

Rota 12: 0 993 722 274 207 453 945 773 429 788 307 690 479 737 954 894 913 683 120 21 123 753 0
  Distancia: 1364.950840
  Carga: 131.000000

Rota 13: 0 94 22 297 561 133 980 356 604 266 248 306 45 201 508 261 277 812 283 452 728 509 279 89 294 0
  Distancia: 1467.075057
  Carga: 131.000000

Rota 14: 0 528 499 952 280 101 640 547 655 850 337 265 171 752 262 898 861 52 663 708 596 103 502 0
  Distancia: 1571.018015
  Carga: 131.000000

Rota 15: 0 431 206 815 63 695 122 506 620 398 199 941 936 796 37 183 897 270 863 164 10 914 139 489 957 1005 0
  Distancia: 1751.516566
  Carga: 131.000000

Rota 16: 0 142 918 202 759 495 456 586 866 778 882 60 701 238 422 427 340 831 757 498 303 229 535 0
  Distancia: 1673.379699
  Carga: 131.000000

Rota 17: 0 992 24 112 606 5 462 793 192 269 309 488 744 318 983 99 830 725 771 134 84 56 352 845 1011 1006 0
  Distancia: 1898.658693
  Carga: 131.000000

Rota 18: 0 27 868 740 531 693 49 441 61 673 474 446 760 16 837 436 523 994 437 568 472 399 163 222 364 765 595 416 1003 0
  Distancia: 1811.110345
  Carga: 131.000000

Rota 19: 0 800 135 160 928 843 981 923 310 904 259 526 263 939 72 574 821 790 138 475 627 567 180 747 889 933 733 1012 0
  Distancia: 1915.991516
  Carga: 131.000000

Rota 20: 0 518 642 635 148 614 872 347 360 516 661 215 697 190 713 445 932 982 605 455 709 585 464 1004 0
  Distancia: 1702.280077
  Carga: 131.000000

Rota 21: 0 460 219 745 379 39 974 582 633 400 116 966 762 811 459 671 144 545 857 375 854 1 834 195 278 572 1001 0
  Distancia: 2186.086232
  Carga: 131.000000

Rota 22: 0 467 290 871 925 378 892 43 247 625 797 859 785 879 418 593 443 659 188 731 82 397 727 1010 0
  Distancia: 1802.722854
  Carga: 131.000000

Rota 23: 0 357 554 534 639 196 630 129 594 412 613 165 14 105 696 881 560 623 732 968 597 947 176 510 1002 0
  Distancia: 2058.723182
  Carga: 131.000000

Rota 24: 0 703 175 390 481 228 33 558 304 351 820 828 344 385 421 689 287 780 362 987 47 117 971 576 577 0
  Distancia: 2593.767416
  Carga: 131.000000

Rota 25: 0 204 140 313 943 218 251 907 681 65 685 569 609 922 684 182 156 100 155 764 272 543 985 178 0
  Distancia: 2155.736769
  Carga: 131.000000

Rota 26: 0 71 581 227 299 617 108 712 23 395 451 564 525 209 799 450 90 200 1000 312 434 430 1007 0
  Distancia: 1995.374696
  Carga: 131.000000

Rota 27: 0 846 7 624 880 376 676 552 11 342 770 334 363 373 686 644 465 653 267 241 832 254 589 862 758 587 0
  Distancia: 2117.056522
  Carga: 131.000000

Rota 28: 0 906 856 838 970 657 371 226 911 258 174 250 675 497 26 716 295 478 67 536 147 368 420 381 19 170 73 57 0
  Distancia: 2164.877117
  Carga: 131.000000

Rota 29: 0 213 396 738 706 647 990 833 305 548 353 730 917 500 302 327 425 273 128 670 471 761 517 965 0
  Distancia: 2207.772148
  Carga: 131.000000

Rota 30: 0 366 665 125 403 902 332 678 382 341 473 205 827 621 223 70 858 40 349 699 705 946 975 476 579 158 847 359 291 0
  Distancia: 2751.923205
  Carga: 131.000000

Rota 31: 0 616 717 672 853 668 962 256 38 603 718 692 910 991 136 893 726 989 551 173 308 159 1008 0
  Distancia: 2307.754284
  Carga: 131.000000

Rota 32: 0 461 124 553 887 948 315 109 519 486 750 807 824 864 513 782 573 636 458 741 339 69 715 769 0
  Distancia: 2381.795846
  Carga: 131.000000

Rota 33: 0 781 442 855 626 285 317 909 410 423 546 963 77 679 292 559 615 102 154 311 217 365 253 1017 0
  Distancia: 2338.122249
  Carga: 131.000000

Rota 34: 0 439 358 232 960 391 264 51 244 447 210 514 118 813 428 575 924 87 995 511 0
  Distancia: 2448.006040
  Carga: 131.000000

Rota 35: 0 493 288 329 34 776 714 2 851 979 677 419 111 628 950 257 711 539 529 641 674 896 1018 0
  Distancia: 2165.503472
  Carga: 131.000000

Rota 36: 0 841 224 189 810 435 466 97 666 319 878 326 849 961 550 121 387 860 890 563 602 746 940 920 1015 0
  Distancia: 2469.160444
  Carga: 131.000000

Rota 37: 0 432 75 608 885 152 370 646 78 212 249 704 888 814 999 50 454 645 95 296 32 91 6 756 520 286 0
  Distancia: 2575.002023
  Carga: 131.000000

Rota 38: 0 649 324 191 976 35 823 883 926 651 208 835 470 449 477 610 997 36 338 967 848 584 0
  Distancia: 2824.164416
  Carga: 131.000000

Rota 39: 0 181 541 566 580 591 17 405 20 388 869 777 795 654 544 721 912 448 331 973 895 629 0
  Distancia: 2565.905731
  Carga: 131.000000

Rota 40: 0 556 333 482 185 512 401 380 389 530 618 169 829 348 691 239 877 598 54 779 216 599 555 901 415 1013 0
  Distancia: 2647.963921
  Carga: 131.000000

Rota 41: 0 404 131 268 393 83 682 667 161 66 798 113 3 886 76 79 772 314 743 687 503 233 225 612 891 106 281 986 4 184 0
  Distancia: 3117.982549
  Carga: 131.000000

Rota 42: 0 275 162 235 271 336 631 763 323 951 791 137 127 996 521 496 46 787 126 383 977 669 749 729 527 0
  Distancia: 3031.001408
  Carga: 130.000000

Rota 43: 0 930 903 457 766 816 193 166 276 504 700 30 252 426 1014 289 570 600 231 988 316 300 836 236 234 801 819 0
  Distancia: 2799.698501
  Carga: 131.000000

Numero de rotas: 43
Distancia total: 84121.549354
