Instancia: X-n143-k7

UB (Upper Bound): 17218.226567
TEMPO (seg): 30.035070

Rotas:
Rota 1: 0 36 32 7 19 85 35 91 56 83 55 82 123 125 33 62 96 47 18 133 28 0
  Distancia: 2197.818470
  Carga: 1179.000000

Rota 2: 0 109 71 73 99 27 15 103 140 69 29 42 39 80 131 141 146 137 142 74 81 100 11 44 64 61 45 65 25 0
  Distancia: 3854.350367
  Carga: 1186.000000

Rota 3: 0 115 124 40 66 24 106 38 10 113 63 112 26 75 94 3 76 129 105 138 121 87 144 93 78 0
  Distancia: 2839.834149
  Carga: 1173.000000

Rota 4: 0 4 70 135 58 67 46 30 34 134 92 108 117 101 20 52 88 51 50 9 143 0
  Distancia: 2315.279448
  Carga: 1185.000000

Rota 5: 0 126 136 116 17 2 41 86 8 43 114 110 53 102 6 31 98 79 60 72 111 1 107 5 48 59 143 130 0
  Distancia: 2530.410071
  Carga: 1186.000000

Rota 6: 0 68 128 84 127 13 0
  Distancia: 522.282151
  Carga: 380.000000

Rota 7: 0 16 97 120 49 57 95 139 14 37 77 22 119 122 21 23 132 104 145 90 89 12 54 118 0
  Distancia: 2958.251911
  Carga: 1186.000000

Numero de rotas: 7
Distancia total: 17218.226567
