Instancia: X-n214-k11

FO (Funcao Objetivo): 16084.683272
TEMPO (seg): 300.000014
TEMPO_MELHOR (seg): 221.510213

Rotas:
Rota 1: 0 138 71 65 193 55 4 72 143 140 116 23 58 158 210 64 40 93 120 39 206 47 137 0
  Distancia: 973.797472
  Carga: 943.000000

Rota 2: 0 7 172 179 200 135 187 163 132 5 41 15 17 189 218 27 82 49 24 151 0
  Distancia: 1236.248632
  Carga: 941.000000

Rota 3: 0 99 83 155 162 131 160 63 129 142 79 9 57 126 203 207 32 107 6 152 0
  Distancia: 930.921767
  Carga: 937.000000

Rota 4: 0 26 213 31 105 121 174 211 202 67 165 35 198 111 90 87 245 0
  Distancia: 1085.386682
  Carga: 944.000000

Rota 5: 0 106 124 13 167 199 3 134 128 145 89 52 100 28 154 12 205 20 161 219 148 102 209 0
  Distancia: 1345.308109
  Carga: 938.000000

Rota 6: 0 191 33 181 76 53 166 45 98 77 139 18 86 16 221 61 25 112 1 21 101 96 0
  Distancia: 1443.164772
  Carga: 944.000000

Rota 7: 0 84 80 168 117 180 46 38 73 173 159 59 115 136 182 235 156 11 186 92 123 169 0
  Distancia: 1513.519431
  Carga: 939.000000

Rota 8: 0 208 118 185 70 227 133 34 68 48 212 29 88 188 194 176 42 197 196 30 236 36 0
  Distancia: 1978.185632
  Carga: 942.000000

Rota 9: 0 190 127 85 146 150 184 95 122 114 14 66 37 51 8 170 69 230 44 75 103 0
  Distancia: 1340.799253
  Carga: 943.000000

Rota 10: 0 109 164 113 54 119 178 171 177 62 91 226 147 2 22 94 130 141 104 157 144 175 78 0
  Distancia: 1755.940870
  Carga: 942.000000

Rota 11: 0 153 183 222 60 108 110 19 192 43 74 204 217 81 56 195 125 50 201 97 149 10 0
  Distancia: 2481.410652
  Carga: 943.000000

Numero de rotas: 11
Distancia total: 16084.683272
