Instancia: X-n214-k11

FO (Funcao Objetivo): 13209.152010
TEMPO (seg): 76.241538
TEMPO_MELHOR (seg): 44.411832

Rotas:
Rota 1: 0 151 84 96 47 137 172 193 106 55 36 210 92 123 179 200 189 207 103 158 58 143 101 4 65 0
  Distancia: 760.849417
  Carga: 935.000000

Rota 2: 0 153 99 83 64 186 167 135 181 13 120 33 93 82 78 76 149 39 10 206 49 191 216 118 208 24 0
  Distancia: 1264.370076
  Carga: 942.000000

Rota 3: 0 152 169 138 71 140 174 32 121 12 205 20 161 190 213 148 26 209 0
  Distancia: 787.413399
  Carga: 941.000000

Rota 4: 0 7 35 111 100 28 75 67 154 112 202 211 105 23 70 31 116 6 72 0
  Distancia: 769.327074
  Carga: 944.000000

Rota 5: 0 102 185 155 21 203 126 198 9 197 79 42 108 110 18 176 142 194 0
  Distancia: 1537.162694
  Carga: 943.000000

Rota 6: 0 162 160 63 68 11 132 129 5 41 139 77 34 133 199 60 3 196 30 131 0
  Distancia: 872.569722
  Carga: 943.000000

Rota 7: 0 27 168 117 53 175 180 97 136 182 147 2 156 91 62 48 204 157 222 0
  Distancia: 1072.213821
  Carga: 940.000000

Rota 8: 0 187 163 17 87 98 15 19 178 171 119 54 184 95 16 122 114 113 145 44 0
  Distancia: 1188.092869
  Carga: 941.000000

Rota 9: 0 124 40 45 144 104 177 212 81 56 22 94 74 29 88 43 192 226 141 188 130 0
  Distancia: 1570.658454
  Carga: 943.000000

Rota 10: 0 80 46 166 201 38 73 125 50 173 115 59 159 195 220 146 86 90 150 164 128 134 57 1 0
  Distancia: 1878.066476
  Carga: 942.000000

Rota 11: 0 107 165 85 8 61 89 69 66 14 37 51 170 25 52 127 109 230 183 0
  Distancia: 1508.428009
  Carga: 942.000000

Numero de rotas: 11
Distancia total: 13209.152010
