Instancia: X-n214-k11

LB (Lower Bound): 6195.969065
UB (Upper Bound): 14393.520101
GAP (%): 56.953066
TEMPO (seg): 3601.023391
Status: 9 (2=Optimal, 9=TimeLimit)

Rotas:
Rota 1: 0 4 143 140 67 75 28 165 100 85 52 25 170 8 89 61 128 57 72 101 0
  Distancia: 862.397215
  Carga: 933.000000

Rota 2: 0 13 180 97 136 182 115 59 217 48 130 188 141 131 21 155 162 160 36 106 65 0
  Distancia: 1887.333211
  Carga: 940.000000

Rota 3: 0 26 148 161 20 205 109 127 12 121 222 183 51 164 37 66 69 14 230 113 95 0
  Distancia: 2479.903497
  Carga: 942.000000

Rota 4: 0 33 53 117 168 27 76 78 82 64 189 218 176 18 110 132 11 68 171 178 119 210 83 0
  Distancia: 2159.538658
  Carga: 882.000000

Rota 5: 0 120 201 50 173 125 73 38 223 22 56 81 212 195 159 181 93 96 0
  Distancia: 1922.162019
  Carga: 896.000000

Rota 6: 0 137 179 92 123 158 23 70 105 107 32 58 116 31 6 152 169 0
  Distancia: 718.220848
  Carga: 862.000000

Rota 7: 0 151 84 24 208 118 185 102 213 190 153 209 0
  Distancia: 934.348125
  Carga: 504.000000

Rota 8: 0 193 111 134 44 145 150 184 54 86 90 146 108 42 79 196 3 172 0
  Distancia: 952.908553
  Carga: 868.000000

Rota 9: 0 200 135 167 186 204 157 104 229 220 192 43 88 29 74 94 177 156 2 147 91 62 0
  Distancia: 2136.569155
  Carga: 860.000000

Rota 10: 0 206 191 49 10 39 149 46 166 175 144 45 40 187 163 17 63 34 133 30 227 0
  Distancia: 1550.852195
  Carga: 842.000000

Rota 11: 0 211 174 202 103 207 203 197 9 198 126 1 112 154 35 55 138 71 0
  Distancia: 825.547204
  Carga: 923.000000

Rota 12: 0 221 16 122 114 194 19 15 142 60 199 87 98 77 139 5 41 129 99 7 124 80 47 0
  Distancia: 1536.610841
  Carga: 904.000000

Numero de rotas: 12
Distancia total: 14393.520101
