Instancia: X-n214-k11

FO (Funcao Objetivo): 15940.730838
TEMPO (seg): 300.000114
TEMPO_MELHOR (seg): 58.784896

Rotas:
Rota 1: 0 80 166 180 175 144 104 130 139 41 63 187 30 131 162 189 218 167 117 27 106 0
  Distancia: 1362.431063
  Carga: 941.000000

Rota 2: 0 172 58 103 21 203 207 35 44 145 19 68 98 110 87 3 227 135 181 83 7 143 6 0
  Distancia: 1360.780359
  Carga: 944.000000

Rota 3: 0 151 209 152 169 138 71 55 123 70 107 211 140 101 124 120 33 76 215 191 49 47 137 96 0
  Distancia: 1179.657198
  Carga: 944.000000

Rota 4: 0 31 12 32 174 202 154 67 1 57 90 146 134 198 155 36 193 65 84 0
  Distancia: 953.638024
  Carga: 931.000000

Rota 5: 0 13 40 163 17 11 132 5 129 133 196 197 111 9 79 60 142 18 77 62 217 97 46 206 0
  Distancia: 1340.005644
  Carga: 944.000000

Rota 6: 0 116 23 105 112 75 25 164 85 126 179 92 186 200 160 236 64 210 99 72 4 0
  Distancia: 1184.557146
  Carga: 944.000000

Rota 7: 0 153 213 20 205 109 52 170 8 61 89 69 14 66 37 114 113 230 165 158 0
  Distancia: 1250.543429
  Carga: 943.000000

Rota 8: 0 208 118 185 26 148 219 121 28 100 128 86 178 171 15 176 108 199 0
  Distancia: 1749.522338
  Carga: 942.000000

Rota 9: 0 10 149 201 159 195 81 212 74 29 188 141 204 91 226 182 115 136 48 157 93 24 0
  Distancia: 1663.004278
  Carga: 935.000000

Rota 10: 0 82 78 168 53 45 34 42 194 119 54 150 184 95 16 122 221 51 127 161 190 102 0
  Distancia: 1571.458077
  Carga: 944.000000

Rota 11: 0 39 38 73 125 50 173 59 56 22 94 156 2 147 235 177 88 43 192 220 183 228 0
  Distancia: 2325.133282
  Carga: 944.000000

Numero de rotas: 11
Distancia total: 15940.730838
