Instancia: X-n214-k11

UB (Upper Bound): 14758.605916
TEMPO (seg): 30.005907

Rotas:
Rota 1: 0 151 120 76 166 175 41 104 74 29 94 81 22 56 195 182 217 132 186 135 13 0
  Distancia: 1424.174212
  Carga: 941.000000

Rota 2: 0 80 82 167 163 63 133 87 108 176 98 42 30 203 126 131 17 160 179 218 0
  Distancia: 1183.331133
  Carga: 907.000000

Rota 3: 0 152 21 57 128 134 86 90 145 54 95 16 113 122 114 184 150 111 218 0
  Distancia: 1181.500688
  Carga: 929.000000

Rota 4: 0 7 158 32 12 121 174 202 67 100 28 75 154 103 72 143 169 0
  Distancia: 798.695013
  Carga: 839.000000

Rota 5: 0 172 191 206 118 208 185 24 96 0
  Distancia: 933.279999
  Carga: 470.000000

Rota 6: 0 101 181 78 38 50 173 73 125 159 59 115 136 217 68 5 11 45 93 47 0
  Distancia: 1477.131643
  Carga: 909.000000

Rota 7: 0 138 123 211 112 35 165 61 89 8 170 25 127 109 183 222 205 20 153 209 0
  Distancia: 1380.578317
  Carga: 909.000000

Rota 8: 0 71 58 64 129 139 157 204 48 147 156 130 212 2 91 217 201 46 39 149 10 49 84 0
  Distancia: 1455.057555
  Carga: 940.000000

Rota 9: 0 36 83 40 144 180 97 62 177 141 188 88 43 192 220 119 178 171 194 19 15 77 155 33 0
  Distancia: 1698.487544
  Carga: 884.000000

Rota 10: 0 106 210 92 189 162 79 207 1 85 52 51 164 37 66 69 14 146 197 218 200 124 99 0
  Distancia: 1243.565077
  Carga: 924.000000

Rota 11: 0 27 168 53 117 187 60 196 198 3 199 34 9 44 142 110 18 218 65 0
  Distancia: 1203.310287
  Carga: 915.000000

Rota 12: 0 26 102 148 213 161 190 31 116 6 107 105 70 23 140 4 55 193 137 0
  Distancia: 779.494447
  Carga: 789.000000

Numero de rotas: 12
Distancia total: 14758.605916
