Instancia: X-n214-k11

FO (Funcao Objetivo): 13056.590341
TEMPO (seg): 76.800456
TEMPO_MELHOR (seg): 9.748086

Rotas:
Rota 1: 0 151 84 47 120 93 82 181 7 106 193 172 137 96 0
  Distancia: 510.396056
  Carga: 725.000000

Rota 2: 0 169 70 105 158 123 92 179 64 210 83 36 55 65 71 0
  Distancia: 497.331361
  Carga: 815.000000

Rota 3: 0 80 13 33 149 76 78 27 168 53 117 45 144 175 180 166 46 39 10 49 191 206 216 118 208 24 0
  Distancia: 1225.546825
  Carga: 932.000000

Rota 4: 0 124 135 200 186 187 17 133 87 110 176 142 60 199 3 30 160 162 21 155 58 72 101 4 0
  Distancia: 835.795101
  Carga: 921.000000

Rota 5: 0 138 23 174 211 202 67 75 154 112 32 121 12 183 230 161 148 213 26 0
  Distancia: 1311.980200
  Carga: 893.000000

Rota 6: 0 102 185 207 203 126 111 198 9 79 42 108 18 15 139 77 98 129 0
  Distancia: 1444.150627
  Carga: 941.000000

Rota 7: 0 99 167 40 62 147 2 156 177 204 104 157 41 5 132 11 68 63 34 131 189 223 0
  Distancia: 1031.558374
  Carga: 939.000000

Rota 8: 0 143 103 35 1 57 134 146 90 86 54 184 95 150 145 44 128 165 100 140 0
  Distancia: 958.030077
  Carga: 944.000000

Rota 9: 0 197 196 19 194 119 171 178 141 130 188 88 74 29 94 212 22 81 56 195 125 0
  Distancia: 1562.078664
  Carga: 938.000000

Rota 10: 0 127 52 25 170 8 61 69 89 66 14 114 122 16 113 37 164 51 109 0
  Distancia: 1183.802965
  Carga: 924.000000

Rota 11: 0 107 28 85 192 43 91 220 182 136 115 59 159 173 50 73 38 201 97 48 163 222 0
  Distancia: 1993.231254
  Carga: 935.000000

Rota 12: 0 152 6 116 31 205 20 190 153 209 0
  Distancia: 502.688837
  Carga: 449.000000

Numero de rotas: 12
Distancia total: 13056.590341
