Instancia: X-n214-k11

FO (Funcao Objetivo): 13098.677025
TEMPO (seg): 72.721027
TEMPO_MELHOR (seg): 51.187726

Rotas:
Rota 1: 0 71 65 172 96 84 151 0
  Distancia: 232.670475
  Carga: 372.000000

Rota 2: 0 47 49 191 206 33 120 82 78 76 166 180 175 27 53 117 46 149 39 10 216 118 208 24 0
  Distancia: 1216.523090
  Carga: 938.000000

Rota 3: 0 138 4 101 72 143 58 158 202 211 174 107 31 190 213 148 26 0
  Distancia: 674.884889
  Carga: 773.000000

Rota 4: 0 137 80 13 93 181 135 186 200 64 179 123 92 210 83 7 106 193 0
  Distancia: 582.907252
  Carga: 898.000000

Rota 5: 0 99 167 40 187 163 17 34 133 199 60 3 196 79 9 198 111 126 1 35 207 103 55 0
  Distancia: 808.462794
  Carga: 938.000000

Rota 6: 0 102 185 155 21 203 75 112 154 67 100 165 57 128 134 197 42 87 11 0
  Distancia: 1496.152126
  Carga: 944.000000

Rota 7: 0 124 144 204 132 68 129 98 77 139 15 18 110 176 108 142 30 131 160 162 189 222 0
  Distancia: 1074.413849
  Carga: 942.000000

Rota 8: 0 109 127 52 25 170 8 89 69 61 85 44 146 86 90 145 150 184 95 113 122 228 28 140 0
  Distancia: 1304.155920
  Carga: 944.000000

Rota 9: 0 63 45 41 5 157 104 48 91 2 147 156 177 130 141 188 29 194 0
  Distancia: 1418.023834
  Carga: 942.000000

Rota 10: 0 201 97 136 115 59 182 212 22 81 56 195 159 173 50 125 73 38 0
  Distancia: 1430.461584
  Carga: 923.000000

Rota 11: 0 36 51 164 37 66 14 114 16 54 171 178 19 119 226 192 43 88 74 94 62 168 0
  Distancia: 1738.460613
  Carga: 942.000000

Rota 12: 0 152 169 6 116 70 23 105 32 121 12 183 205 20 161 224 153 209 0
  Distancia: 1121.560599
  Carga: 800.000000

Numero de rotas: 12
Distancia total: 13098.677025
