Instancia: X-n214-k11

FO (Funcao Objetivo): 16330.774524
TEMPO (seg): 300.000015
TEMPO_MELHOR (seg): 280.835125

Rotas:
Rota 1: 0 84 47 137 106 4 72 210 64 92 158 112 32 105 23 6 138 71 96 0
  Distancia: 762.175839
  Carga: 941.000000

Rota 2: 0 103 57 198 9 197 3 108 18 139 41 45 63 17 133 131 227 101 169 152 209 26 151 0
  Distancia: 1232.861930
  Carga: 933.000000

Rota 3: 0 13 186 67 154 100 52 61 89 164 66 14 16 230 12 121 70 193 0
  Distancia: 1152.803548
  Carga: 943.000000

Rota 4: 0 7 124 120 33 76 27 144 132 104 94 212 2 91 217 201 97 175 40 187 163 162 36 0
  Distancia: 1386.424066
  Carga: 942.000000

Rota 5: 0 24 82 167 129 34 87 111 1 202 155 21 203 160 218 179 123 55 65 172 0
  Distancia: 1184.591415
  Carga: 940.000000

Rota 6: 0 99 200 135 78 168 117 11 68 5 157 19 15 110 199 196 79 236 83 58 143 0
  Distancia: 1140.153044
  Carga: 943.000000

Rota 7: 0 80 93 181 53 194 130 88 177 156 62 48 235 22 56 195 159 50 180 166 149 39 10 191 49 0
  Distancia: 1716.050313
  Carga: 942.000000

Rota 8: 0 116 31 107 174 207 35 30 60 42 176 86 44 69 95 113 122 221 28 75 205 20 161 190 148 213 0
  Distancia: 1405.191871
  Carga: 943.000000

Rota 9: 0 140 211 51 145 54 119 171 29 74 147 226 136 115 182 204 142 134 126 0
  Distancia: 1703.573847
  Carga: 942.000000

Rota 10: 0 153 25 8 114 90 146 178 141 220 43 81 59 173 125 73 38 46 206 215 118 208 0
  Distancia: 2232.490570
  Carga: 944.000000

Rota 11: 0 189 98 77 188 192 184 150 239 37 170 85 128 165 127 109 183 222 102 185 0
  Distancia: 2414.458080
  Carga: 943.000000

Numero de rotas: 11
Distancia total: 16330.774524
