Instancia: X-n351-k40

UB (Upper Bound): 41896.924748
TEMPO (seg): 30.072972

Rotas:
Rota 1: 0 50 39 58 365 290 21 106 334 292 101 369 0
  Distancia: 1390.599387
  Carga: 428.000000

Rota 2: 0 78 96 267 318 161 224 308 137 363 177 0
  Distancia: 906.021893
  Carga: 413.000000

Rota 3: 0 153 239 196 294 125 66 142 0
  Distancia: 627.523071
  Carga: 373.000000

Rota 4: 0 281 95 69 89 154 372 235 73 0
  Distancia: 909.502059
  Carga: 436.000000

Rota 5: 0 350 140 83 109 167 28 208 377 0
  Distancia: 820.871848
  Carga: 411.000000

Rota 6: 0 181 217 27 223 165 372 273 198 0
  Distancia: 798.126933
  Carga: 397.000000

Rota 7: 0 302 115 75 264 257 374 200 122 0
  Distancia: 917.182211
  Carga: 384.000000

Rota 8: 0 346 90 338 207 24 312 321 367 230 189 0
  Distancia: 975.852270
  Carga: 389.000000

Rota 9: 0 32 212 297 42 86 341 244 136 87 373 0
  Distancia: 808.908395
  Carga: 343.000000

Rota 10: 0 228 193 163 270 171 377 128 63 80 201 236 229 103 149 378 7 145 0
  Distancia: 1566.666763
  Carga: 428.000000

Rota 11: 0 288 265 205 60 110 324 314 373 25 0
  Distancia: 797.909921
  Carga: 400.000000

Rota 12: 0 72 304 15 382 220 129 298 41 70 231 151 76 255 0
  Distancia: 1218.620419
  Carga: 429.000000

Rota 13: 0 117 248 260 19 119 284 280 378 0
  Distancia: 939.288623
  Carga: 413.000000

Rota 14: 0 250 241 88 170 65 44 0
  Distancia: 647.723323
  Carga: 378.000000

Rota 15: 0 329 113 114 352 185 71 225 17 188 316 159 363 0
  Distancia: 1376.696238
  Carga: 433.000000

Rota 16: 0 112 56 237 108 347 232 368 0
  Distancia: 681.528688
  Carga: 420.000000

Rota 17: 0 156 259 52 126 186 77 309 364 0
  Distancia: 878.790514
  Carga: 435.000000

Rota 18: 0 289 51 179 92 36 287 152 377 332 0
  Distancia: 857.199368
  Carga: 425.000000

Rota 19: 0 336 276 269 299 67 359 339 197 337 364 0
  Distancia: 1321.244115
  Carga: 419.000000

Rota 20: 0 342 100 148 254 40 359 124 320 247 43 0
  Distancia: 1180.002382
  Carga: 434.000000

Rota 21: 0 14 166 49 381 184 176 1 183 127 0
  Distancia: 1171.666736
  Carga: 428.000000

Rota 22: 0 46 22 192 305 203 180 377 307 206 0
  Distancia: 924.431932
  Carga: 435.000000

Rota 23: 0 216 215 131 45 98 278 0
  Distancia: 601.380039
  Carga: 431.000000

Rota 24: 0 34 291 105 35 246 252 367 0
  Distancia: 670.769162
  Carga: 435.000000

Rota 25: 0 62 301 84 10 376 326 144 226 377 330 0
  Distancia: 1576.053768
  Carga: 427.000000

Rota 26: 0 55 340 311 227 359 23 0
  Distancia: 1019.068681
  Carga: 365.000000

Rota 27: 0 322 328 160 64 378 135 130 33 238 155 0
  Distancia: 1132.402592
  Carga: 403.000000

Rota 28: 0 283 249 104 123 68 359 343 91 0
  Distancia: 984.773530
  Carga: 410.000000

Rota 29: 0 178 323 272 333 99 48 139 373 202 0
  Distancia: 761.406378
  Carga: 420.000000

Rota 30: 0 3 274 306 134 94 277 0
  Distancia: 569.375336
  Carga: 388.000000

Rota 31: 0 218 111 194 219 116 30 359 344 240 29 132 0
  Distancia: 1142.152887
  Carga: 436.000000

Rota 32: 0 222 377 158 190 54 199 379 37 164 61 349 12 0
  Distancia: 1498.499173
  Carga: 415.000000

Rota 33: 0 118 313 268 286 293 38 221 359 315 0
  Distancia: 1041.289449
  Carga: 394.000000

Rota 34: 0 47 266 263 107 243 5 377 26 210 213 0
  Distancia: 1030.855884
  Carga: 423.000000

Rota 35: 0 120 175 150 195 18 279 102 335 285 0
  Distancia: 599.178483
  Carga: 407.000000

Rota 36: 0 214 345 31 97 187 59 261 325 133 253 369 0
  Distancia: 818.427270
  Carga: 425.000000

Rota 37: 0 310 319 245 282 143 359 234 172 0
  Distancia: 1021.660808
  Carga: 408.000000

Rota 38: 0 121 275 93 317 211 11 359 82 162 173 13 0
  Distancia: 1123.044247
  Carga: 423.000000

Rota 39: 0 138 20 182 262 146 147 327 359 295 79 348 0
  Distancia: 1061.236517
  Carga: 401.000000

Rota 40: 0 233 168 157 256 258 191 6 209 372 57 174 81 0
  Distancia: 1050.355099
  Carga: 408.000000

Rota 41: 0 53 4 16 251 303 296 9 373 8 0
  Distancia: 810.881123
  Carga: 430.000000

Rota 42: 0 331 74 271 354 141 242 204 359 300 2 169 85 0
  Distancia: 1667.757233
  Carga: 417.000000

Numero de rotas: 42
Distancia total: 41896.924748
