Instancia: X-n459-k26

FO (Funcao Objetivo): 35460.315445
TEMPO (seg): 300.006225
TEMPO_MELHOR (seg): 300.006208

Rotas:
Rota 1: 0 280 30 100 347 142 37 273 308 402 137 38 143 390 0
  Distancia: 535.552563
  Carga: 1055.000000

Rota 2: 0 400 50 334 7 296 45 181 3 384 433 121 309 396 304 65 0
  Distancia: 571.705068
  Carga: 1093.000000

Rota 3: 0 231 168 348 133 39 158 173 141 368 13 148 263 212 274 119 339 369 34 0
  Distancia: 855.215325
  Carga: 1077.000000

Rota 4: 0 316 298 315 209 311 391 357 152 322 11 190 227 220 417 236 365 0
  Distancia: 752.165967
  Carga: 1103.000000

Rota 5: 0 140 52 226 49 128 199 254 248 395 19 232 293 147 312 276 0
  Distancia: 828.983285
  Carga: 1089.000000

Rota 6: 0 10 132 102 40 349 59 376 178 217 385 477 15 224 228 229 71 353 114 283 165 180 44 0
  Distancia: 1441.761472
  Carga: 1097.000000

Rota 7: 0 380 271 314 175 307 449 25 319 243 442 430 249 126 435 403 198 382 465 386 0
  Distancia: 1038.622554
  Carga: 1094.000000

Rota 8: 0 222 251 313 346 183 74 186 404 103 106 245 278 87 58 255 472 41 134 292 205 105 411 378 264 153 392 260 138 47 256 0
  Distancia: 1457.600256
  Carga: 1086.000000

Rota 9: 0 247 167 408 193 352 300 130 299 196 428 154 375 42 131 398 233 0
  Distancia: 842.718930
  Carga: 1085.000000

Rota 10: 0 169 331 458 361 16 456 108 144 478 203 330 401 28 297 0
  Distancia: 1291.867239
  Carga: 1100.000000

Rota 11: 0 405 23 187 336 457 454 46 54 379 145 185 215 57 437 497 101 94 366 149 285 432 451 338 48 291 120 426 258 455 99 0
  Distancia: 1491.544985
  Carga: 1105.000000

Rota 12: 0 448 146 35 164 12 82 326 2 257 98 320 225 327 136 0
  Distancia: 856.526385
  Carga: 1080.000000

Rota 13: 0 91 179 281 60 360 213 359 93 286 578 358 423 289 443 445 207 79 0
  Distancia: 1392.577725
  Carga: 1092.000000

Rota 14: 0 329 88 160 127 162 341 235 413 328 439 73 638 139 78 370 112 171 210 27 303 0
  Distancia: 1517.319085
  Carga: 1102.000000

Rota 15: 0 325 406 188 55 237 425 83 84 372 200 421 464 266 206 64 244 122 332 9 0
  Distancia: 1449.491821
  Carga: 1082.000000

Rota 16: 0 26 351 419 214 66 268 447 388 21 204 450 36 323 598 250 350 306 177 0
  Distancia: 1479.318662
  Carga: 1100.000000

Rota 17: 0 238 269 305 6 86 129 422 5 156 363 80 89 104 485 436 275 262 310 438 61 29 116 371 0
  Distancia: 1482.160774
  Carga: 1100.000000

Rota 18: 0 242 410 362 337 75 69 240 295 318 538 123 424 246 414 270 96 32 345 466 0
  Distancia: 1815.165582
  Carga: 1097.000000

Rota 19: 0 324 68 202 355 241 76 56 524 170 192 340 397 216 107 111 460 194 161 0
  Distancia: 2044.017949
  Carga: 1106.000000

Rota 20: 0 77 92 288 383 302 166 72 373 416 253 412 172 476 367 415 252 452 294 393 381 0
  Distancia: 1227.333503
  Carga: 1104.000000

Rota 21: 0 81 31 272 399 409 290 51 377 62 517 279 22 157 434 110 356 14 234 0
  Distancia: 1627.795591
  Carga: 1093.000000

Rota 22: 0 211 343 223 135 287 63 518 118 43 20 239 364 33 184 95 475 389 230 4 0
  Distancia: 2067.213859
  Carga: 1098.000000

Rota 23: 0 282 174 8 182 446 261 537 219 321 90 335 70 197 301 440 0
  Distancia: 1427.969003
  Carga: 1103.000000

Rota 24: 0 394 117 284 201 484 374 354 259 317 155 221 429 495 277 163 159 191 427 124 218 176 618 0
  Distancia: 2839.094049
  Carga: 1095.000000

Rota 25: 0 189 333 453 53 97 418 265 17 344 195 113 1 558 67 444 0
  Distancia: 1450.765649
  Carga: 1104.000000

Rota 26: 0 18 342 267 125 150 85 208 407 498 387 420 109 431 441 115 24 151 0
  Distancia: 1675.828164
  Carga: 1095.000000

Numero de rotas: 26
Distancia total: 35460.315445
