Instancia: X-n459-k26

FO (Funcao Objetivo): 28270.440584
TEMPO (seg): 306.935685
TEMPO_MELHOR (seg): 218.881994

Rotas:
Rota 1: 0 365 180 165 283 245 106 258 103 353 114 74 183 457 346 314 160 187 393 234 276 88 271 406 251 116 222 371 325 0
  Distancia: 562.718854
  Carga: 741.000000

Rota 2: 0 400 233 304 398 131 83 319 154 428 436 84 241 119 237 262 438 188 153 392 369 34 260 138 47 256 0
  Distancia: 842.890078
  Carga: 1094.000000

Rota 3: 0 207 136 278 308 214 227 291 205 452 252 415 379 54 14 186 336 23 380 405 381 329 0
  Distancia: 786.247221
  Carga: 742.000000

Rota 4: 0 99 455 26 351 426 419 147 137 402 347 100 30 38 143 390 0
  Distancia: 471.889847
  Carga: 851.000000

Rota 5: 0 247 231 168 305 348 6 167 9 50 334 7 433 121 309 274 0
  Distancia: 678.201754
  Carga: 1087.000000

Rota 6: 0 386 42 375 396 243 382 355 296 45 193 86 39 202 198 133 0
  Distancia: 649.868713
  Carga: 1105.000000

Rota 7: 0 238 32 345 269 161 194 324 394 68 122 403 244 126 129 422 435 64 275 29 0
  Distancia: 1471.928978
  Carga: 1104.000000

Rota 8: 0 44 312 4 294 404 71 229 228 215 224 110 33 15 434 413 157 364 328 235 172 395 19 120 127 483 0
  Distancia: 1030.457231
  Carga: 1089.000000

Rota 9: 0 313 449 25 264 55 61 378 411 307 175 105 46 454 145 185 389 230 367 356 184 277 95 429 221 155 310 317 354 259 374 56 200 372 0
  Distancia: 2148.539847
  Carga: 1084.000000

Rota 10: 0 91 87 179 458 255 146 132 444 281 18 448 77 445 0
  Distancia: 649.413960
  Carga: 1013.000000

Rota 11: 0 58 282 96 151 342 177 182 242 40 67 16 373 72 8 174 485 0
  Distancia: 1128.581146
  Carga: 1086.000000

Rota 12: 0 327 225 41 134 303 315 209 401 301 226 52 257 98 79 0
  Distancia: 635.354458
  Carga: 1090.000000

Rota 13: 0 339 425 76 196 263 148 299 170 284 300 368 192 173 158 141 249 430 0
  Distancia: 900.242743
  Carga: 1104.000000

Rota 14: 0 297 289 28 37 273 341 48 232 190 293 162 220 417 236 0
  Distancia: 681.674665
  Carga: 1051.000000

Rota 15: 0 65 442 181 3 384 104 89 80 212 13 130 266 363 352 408 0
  Distancia: 780.010368
  Carga: 1077.000000

Rota 16: 0 142 292 338 412 451 335 285 268 326 49 253 2 311 66 423 0
  Distancia: 744.354241
  Carga: 1093.000000

Rota 17: 0 31 35 70 388 203 366 51 447 12 330 302 60 81 92 331 0
  Distancia: 876.741215
  Carga: 1096.000000

Rota 18: 0 11 152 322 248 254 279 199 321 90 27 432 128 391 357 0
  Distancia: 835.756543
  Carga: 1099.000000

Rota 19: 0 332 107 206 156 5 340 397 201 421 216 117 111 166 164 0
  Distancia: 2507.089048
  Carga: 1086.000000

Rota 20: 0 102 410 359 272 349 59 36 370 376 287 323 124 267 456 416 486 0
  Distancia: 1143.324348
  Carga: 1105.000000

Rota 21: 0 82 377 149 219 159 62 437 22 163 239 57 20 385 261 0
  Distancia: 1126.302684
  Carga: 1054.000000

Rota 22: 0 361 270 189 213 343 358 446 125 178 150 409 112 427 195 0
  Distancia: 1272.875536
  Carga: 1094.000000

Rota 23: 0 10 21 101 318 344 85 17 295 450 439 204 118 217 43 210 495 0
  Distancia: 1312.490226
  Carga: 1100.000000

Rota 24: 0 78 113 1 139 63 362 387 453 420 53 286 223 108 144 250 0
  Distancia: 1224.209995
  Carga: 1099.000000

Rota 25: 0 333 399 176 407 240 69 418 135 265 208 218 73 497 211 0
  Distancia: 1369.005496
  Carga: 1100.000000

Rota 26: 0 123 414 424 441 246 115 93 431 109 306 350 337 97 75 24 0
  Distancia: 1459.691736
  Carga: 1085.000000

Rota 27: 0 280 169 316 443 298 320 440 140 288 383 197 360 290 94 171 191 496 0
  Distancia: 980.579649
  Carga: 1106.000000

Numero de rotas: 27
Distancia total: 28270.440584
