Instancia: X-n459-k26

FO (Funcao Objetivo): 28494.713679
TEMPO (seg): 302.958473
TEMPO_MELHOR (seg): 66.669206

Rotas:
Rota 1: 0 91 365 44 180 455 38 26 351 106 258 103 404 353 71 120 205 291 229 452 252 145 429 317 259 479 262 438 61 307 183 186 294 4 283 165 312 276 234 393 88 380 329 325 0
  Distancia: 1498.430418
  Carga: 1096.000000

Rota 2: 0 400 233 65 138 260 116 251 313 406 271 23 336 187 160 314 346 457 175 105 454 46 14 114 127 137 220 417 147 236 0
  Distancia: 785.678649
  Carga: 1104.000000

Rota 3: 0 87 445 136 278 327 316 347 100 143 390 169 207 79 280 0
  Distancia: 501.752193
  Carga: 1104.000000

Rota 4: 0 247 231 168 305 348 6 167 9 50 355 7 296 45 86 352 275 339 0
  Distancia: 802.289638
  Carga: 1096.000000

Rota 5: 0 34 369 392 153 398 131 425 119 154 274 442 334 382 396 375 42 386 304 0
  Distancia: 657.691157
  Carga: 1099.000000

Rota 6: 0 238 32 345 269 161 194 324 133 198 193 202 39 408 3 433 104 89 237 0
  Distancia: 1255.744947
  Carga: 1101.000000

Rota 7: 0 30 402 297 443 289 28 37 273 292 214 190 293 162 227 228 379 54 74 405 381 0
  Distancia: 855.274827
  Carga: 1101.000000

Rota 8: 0 77 448 179 458 255 146 31 35 132 60 81 383 52 257 426 245 99 0
  Distancia: 815.448013
  Carga: 1099.000000

Rota 9: 0 222 25 29 56 374 196 200 372 148 13 76 436 428 84 241 319 83 471 55 264 449 371 0
  Distancia: 1294.288464
  Carga: 1104.000000

Rota 10: 0 331 10 92 440 320 41 98 134 226 401 303 209 311 298 225 0
  Distancia: 690.883764
  Carga: 1105.000000

Rota 11: 0 411 378 188 310 155 221 95 185 389 230 367 215 19 395 172 15 33 493 110 434 413 364 157 224 419 0
  Distancia: 1443.073738
  Carga: 1103.000000

Rota 12: 0 58 18 281 444 288 301 253 49 326 432 128 391 2 315 140 0
  Distancia: 823.143844
  Carga: 1106.000000

Rota 13: 0 243 309 121 212 80 363 300 284 158 173 141 192 368 430 384 181 0
  Distancia: 718.053704
  Carga: 1083.000000

Rota 14: 0 308 142 338 11 341 322 152 248 254 279 321 451 412 66 423 0
  Distancia: 815.754706
  Carga: 1104.000000

Rota 15: 0 232 48 235 328 239 163 22 437 199 90 335 82 285 377 0
  Distancia: 998.984449
  Carga: 1106.000000

Rota 16: 0 415 356 184 277 57 20 261 385 43 118 191 217 204 450 439 208 0
  Distancia: 1688.135515
  Carga: 1078.000000

Rota 17: 0 249 129 126 422 122 244 206 5 156 340 170 266 130 299 480 354 0
  Distancia: 1416.917946
  Carga: 1105.000000

Rota 18: 0 256 47 263 421 201 216 459 111 117 107 397 64 435 403 68 332 394 0
  Distancia: 1818.009846
  Carga: 1101.000000

Rota 19: 0 174 8 189 182 177 342 414 123 242 40 67 16 373 102 72 485 0
  Distancia: 1084.035276
  Carga: 1101.000000

Rota 20: 0 282 96 151 361 270 410 359 272 349 59 36 370 267 376 124 0
  Distancia: 1229.841054
  Carga: 1083.000000

Rota 21: 0 302 197 360 330 12 447 51 366 290 94 171 210 159 219 27 268 0
  Distancia: 891.543670
  Carga: 1104.000000

Rota 22: 0 357 149 178 150 125 446 427 343 213 358 211 203 388 70 486 0
  Distancia: 1151.957191
  Carga: 1076.000000

Rota 23: 0 166 164 416 456 78 113 139 1 362 399 333 420 53 286 223 323 0
  Distancia: 1211.248000
  Carga: 1104.000000

Rota 24: 0 62 21 101 409 112 295 17 85 344 318 287 407 176 453 0
  Distancia: 1255.995474
  Carga: 1097.000000

Rota 25: 0 195 63 387 144 108 337 250 306 350 109 431 441 246 424 0
  Distancia: 1233.823022
  Carga: 1098.000000

Rota 26: 0 24 93 115 97 75 69 240 418 218 73 265 135 0
  Distancia: 1556.714176
  Carga: 977.000000

Numero de rotas: 26
Distancia total: 28494.713679
