Instancia: X-n459-k26

FO (Funcao Objetivo): 35380.065996
TEMPO (seg): 300.002593
TEMPO_MELHOR (seg): 300.002574

Rotas:
Rota 1: 0 280 169 390 316 297 423 226 302 416 373 189 102 31 146 492 0
  Distancia: 938.160723
  Carga: 1105.000000

Rota 2: 0 271 307 29 61 438 262 76 263 89 104 352 86 181 121 442 382 42 386 400 0
  Distancia: 899.393115
  Carga: 1090.000000

Rota 3: 0 381 393 186 404 258 426 417 220 137 402 347 100 278 136 207 79 0
  Distancia: 542.021204
  Carga: 941.000000

Rota 4: 0 405 23 314 346 457 175 454 215 224 413 157 248 128 2 209 81 132 444 18 512 445 0
  Distancia: 1070.952720
  Carga: 1103.000000

Rota 5: 0 168 348 7 212 13 368 192 129 422 284 5 464 374 56 275 319 131 398 304 65 0
  Distancia: 1254.897422
  Carga: 1100.000000

Rota 6: 0 298 41 140 288 383 301 401 303 315 48 232 214 147 283 312 44 0
  Distancia: 800.916484
  Carga: 1105.000000

Rota 7: 0 256 47 138 260 34 369 339 425 237 200 299 158 64 394 133 6 9 50 465 241 119 25 449 313 406 0
  Distancia: 1200.602069
  Carga: 1085.000000

Rota 8: 0 281 166 16 67 40 182 350 250 144 518 70 330 134 229 14 411 378 116 371 325 0
  Distancia: 1516.712488
  Carga: 1105.000000

Rota 9: 0 329 380 88 187 183 74 114 353 71 120 273 338 322 254 219 149 335 285 52 225 443 30 471 455 365 0
  Distancia: 1022.095474
  Carga: 1106.000000

Rota 10: 0 143 38 245 106 103 452 228 253 203 36 376 63 498 12 60 458 77 0
  Distancia: 1341.327759
  Carga: 1093.000000

Rota 11: 0 87 179 440 320 289 28 451 391 432 279 437 22 341 395 291 205 127 511 0
  Distancia: 974.271795
  Carga: 1106.000000

Rota 12: 0 392 153 264 55 375 396 243 384 3 355 408 194 161 231 466 247 233 0
  Distancia: 1051.157983
  Carga: 1096.000000

Rota 13: 0 321 171 118 439 450 208 218 418 53 558 370 59 359 410 72 448 0
  Distancia: 1445.125540
  Carga: 1101.000000

Rota 14: 0 160 105 429 230 90 62 477 217 17 265 286 139 272 358 211 360 37 308 491 0
  Distancia: 1808.971140
  Carga: 1106.000000

Rota 15: 0 99 26 351 419 19 11 357 27 377 290 123 333 478 73 204 21 388 66 327 0
  Distancia: 1583.257318
  Carga: 1101.000000

Rota 16: 0 142 292 33 277 20 239 163 497 210 82 49 98 92 10 331 91 0
  Distancia: 1374.565427
  Carga: 1094.000000

Rota 17: 0 236 227 162 293 190 412 311 51 267 362 427 191 557 57 328 172 165 180 0
  Distancia: 1447.523908
  Carga: 1097.000000

Rota 18: 0 238 345 32 282 8 361 473 441 342 431 109 97 337 108 1 195 213 164 472 0
  Distancia: 1758.483428
  Carga: 1097.000000

Rota 19: 0 84 436 196 148 372 130 80 363 300 435 122 68 39 193 45 334 505 0
  Distancia: 954.860487
  Carga: 1106.000000

Rota 20: 0 255 78 387 176 125 159 517 43 261 326 199 364 434 110 184 356 95 475 185 145 379 54 46 336 0
  Distancia: 2063.810596
  Carga: 1104.000000

Rota 21: 0 428 274 309 430 249 266 170 340 244 403 107 117 460 324 167 0
  Distancia: 1216.864574
  Carga: 1088.000000

Rota 22: 0 276 294 252 415 389 367 15 268 197 446 124 598 113 420 223 424 24 177 174 58 0
  Distancia: 1739.988412
  Carga: 1105.000000

Rota 23: 0 222 251 188 310 155 221 317 259 354 421 484 201 156 206 126 332 202 198 296 433 154 83 0
  Distancia: 1546.736205
  Carga: 1102.000000

Rota 24: 0 453 287 112 101 447 537 385 235 152 4 234 485 141 173 397 216 111 480 305 269 0
  Distancia: 2782.915709
  Carga: 1094.000000

Rota 25: 0 257 366 94 178 150 295 318 85 323 399 69 240 407 538 349 242 35 0
  Distancia: 1410.831252
  Carga: 1105.000000

Rota 26: 0 456 343 409 135 344 578 75 306 246 115 93 414 270 151 96 0
  Distancia: 1633.622763
  Carga: 1100.000000

Numero de rotas: 26
Distancia total: 35380.065996
