Instancia: X-n459-k26

FO (Funcao Objetivo): 28418.219736
TEMPO (seg): 304.403546
TEMPO_MELHOR (seg): 209.775107

Rotas:
Rota 1: 0 325 329 381 405 380 88 23 271 406 392 369 153 264 25 438 155 221 317 354 259 479 262 55 237 119 319 83 131 398 304 233 400 0
  Distancia: 1333.891745
  Carga: 1090.000000

Rota 2: 0 91 87 445 331 316 327 278 136 143 390 169 207 79 280 0
  Distancia: 480.484233
  Carga: 1068.000000

Rota 3: 0 247 231 168 305 348 167 9 50 355 7 296 45 181 384 104 212 0
  Distancia: 717.224772
  Carga: 1102.000000

Rota 4: 0 44 180 455 165 283 38 351 106 103 258 120 205 291 229 228 452 71 353 114 14 105 74 183 186 404 294 4 312 276 234 393 336 187 160 314 346 313 251 371 47 256 0
  Distancia: 874.567739
  Carga: 1096.000000

Rota 5: 0 238 32 345 269 161 194 324 133 198 202 39 86 193 408 334 442 382 471 34 260 138 0
  Distancia: 1126.999313
  Carga: 1105.000000

Rota 6: 0 386 42 375 396 243 433 121 309 274 154 428 436 241 84 0
  Distancia: 589.813778
  Carga: 1106.000000

Rota 7: 0 30 100 347 402 137 227 162 214 190 293 48 215 220 417 147 236 0
  Distancia: 694.616281
  Carga: 1106.000000

Rota 8: 0 179 458 373 67 16 416 166 31 35 132 444 281 18 448 0
  Distancia: 853.419952
  Carga: 1051.000000

Rota 9: 0 222 116 449 29 61 378 411 307 457 175 454 54 379 46 415 230 389 185 145 429 95 491 356 184 277 110 434 413 15 33 172 224 419 0
  Distancia: 1620.178071
  Carga: 1104.000000

Rota 10: 0 58 255 146 60 81 302 70 203 388 12 447 360 197 383 288 0
  Distancia: 879.632325
  Carga: 1106.000000

Rota 11: 0 6 394 332 68 403 122 107 64 435 244 422 126 158 129 352 0
  Distancia: 863.636439
  Carga: 1070.000000

Rota 12: 0 443 298 41 134 401 301 226 52 257 98 140 440 320 225 0
  Distancia: 606.949696
  Carga: 1086.000000

Rota 13: 0 65 275 76 263 196 89 80 363 368 300 284 173 141 192 249 430 3 0
  Distancia: 775.933958
  Carga: 1101.000000

Rota 14: 0 297 289 423 303 315 209 2 391 28 37 273 292 142 308 426 0
  Distancia: 729.264853
  Carga: 1101.000000

Rota 15: 0 92 49 326 268 82 285 335 27 279 199 321 90 253 0
  Distancia: 786.149425
  Carga: 1095.000000

Rota 16: 0 26 232 19 395 341 322 152 248 254 128 357 11 451 311 66 338 0
  Distancia: 847.297158
  Carga: 1106.000000

Rota 17: 0 174 8 72 102 40 189 182 242 410 359 272 370 343 213 485 0
  Distancia: 1096.992371
  Carga: 1064.000000

Rota 18: 0 412 432 377 366 51 211 358 446 125 21 290 94 210 159 149 219 493 367 127 245 99 0
  Distancia: 1316.231602
  Carga: 1106.000000

Rota 19: 0 282 96 151 361 270 177 342 93 246 441 424 414 123 53 286 223 0
  Distancia: 1321.012247
  Carga: 1100.000000

Rota 20: 0 13 130 266 170 340 5 156 206 397 201 299 372 148 0
  Distancia: 1085.162935
  Carga: 1104.000000

Rota 21: 0 339 425 200 421 374 56 310 188 481 252 235 157 364 328 239 163 22 437 62 191 171 495 0
  Distancia: 1921.225577
  Carga: 1103.000000

Rota 22: 0 330 164 456 59 36 349 195 124 376 267 427 344 318 17 0
  Distancia: 1251.472238
  Carga: 1090.000000

Rota 23: 0 117 111 216 57 20 385 261 43 217 118 204 439 450 295 85 0
  Distancia: 2527.874371
  Carga: 1091.000000

Rota 24: 0 101 178 150 409 112 323 63 139 1 362 453 387 420 399 333 486 0
  Distancia: 1155.308050
  Carga: 1080.000000

Rota 25: 0 78 113 144 108 337 250 306 350 109 431 115 24 97 75 0
  Distancia: 1577.578941
  Carga: 1102.000000

Rota 26: 0 365 10 287 73 218 208 265 135 418 69 240 407 176 497 77 0
  Distancia: 1385.301664
  Carga: 1102.000000

Numero de rotas: 26
Distancia total: 28418.219736
