Instancia: X-n459-k26

FO (Funcao Objetivo): 35335.513086
TEMPO (seg): 300.004432
TEMPO_MELHOR (seg): 300.004418

Rotas:
Rota 1: 0 136 100 347 11 254 437 62 163 322 341 48 137 417 236 471 336 187 23 405 0
  Distancia: 995.835756
  Carga: 1104.000000

Rota 2: 0 256 47 398 131 319 241 84 154 173 158 284 206 435 403 39 355 386 0
  Distancia: 868.389379
  Carga: 1060.000000

Rota 3: 0 280 390 143 245 106 103 258 426 120 291 205 71 404 186 175 46 454 105 307 449 25 264 392 116 371 325 0
  Distancia: 764.873265
  Carga: 995.000000

Rota 4: 0 365 180 165 283 30 297 41 301 197 128 248 311 451 235 364 110 476 224 227 220 38 0
  Distancia: 1197.615396
  Carga: 1106.000000

Rota 5: 0 233 65 304 243 274 309 442 334 50 9 6 133 324 348 168 0
  Distancia: 694.767635
  Carga: 1098.000000

Rota 6: 0 257 401 268 82 51 21 427 318 85 407 176 478 132 281 445 0
  Distancia: 1167.786304
  Carga: 1099.000000

Rota 7: 0 87 448 140 412 357 279 152 33 395 214 402 147 491 393 234 276 44 0
  Distancia: 989.644049
  Carga: 1093.000000

Rota 8: 0 222 251 313 411 378 188 29 61 55 438 262 310 317 259 469 374 56 200 148 196 212 433 382 396 375 247 231 0
  Distancia: 1446.784257
  Carga: 1095.000000

Rota 9: 0 331 98 391 90 149 94 159 19 172 15 434 496 356 230 185 145 415 353 114 183 346 271 406 0
  Distancia: 1401.812900
  Carga: 1094.000000

Rota 10: 0 238 58 179 81 302 383 326 253 289 37 273 142 308 351 26 455 99 0
  Distancia: 881.980894
  Carga: 1106.000000

Rota 11: 0 400 436 428 263 13 130 352 86 45 296 7 408 194 161 269 466 0
  Distancia: 975.110319
  Carga: 1083.000000

Rota 12: 0 329 380 88 160 314 127 292 49 330 388 203 211 399 362 618 164 31 440 320 225 0
  Distancia: 1309.706382
  Carga: 1094.000000

Rota 13: 0 34 153 425 119 275 76 372 299 397 340 5 126 422 129 202 193 3 121 465 42 0
  Distancia: 1064.258366
  Carga: 1102.000000

Rota 14: 0 167 394 68 122 107 64 244 170 266 300 192 141 249 80 89 485 0
  Distancia: 992.073442
  Carga: 1106.000000

Rota 15: 0 278 327 28 66 232 215 252 14 457 339 83 505 181 104 430 363 368 198 305 0
  Distancia: 1359.156956
  Carga: 1095.000000

Rota 16: 0 190 338 321 377 290 52 92 18 472 373 414 123 67 60 444 10 467 32 345 0
  Distancia: 1957.998276
  Carga: 1091.000000

Rota 17: 0 316 303 209 432 285 447 360 416 242 223 246 270 473 174 8 35 146 77 0
  Distancia: 1456.350448
  Carga: 1100.000000

Rota 18: 0 312 294 229 162 70 204 323 538 337 431 115 343 213 410 189 288 298 443 0
  Distancia: 1714.404287
  Carga: 1106.000000

Rota 19: 0 293 423 413 328 239 22 199 335 12 171 477 385 157 367 389 452 4 0
  Distancia: 1561.556099
  Carga: 1104.000000

Rota 20: 0 169 134 16 359 424 441 350 344 63 598 208 265 295 150 217 184 228 419 531 0
  Distancia: 1869.306751
  Carga: 1103.000000

Rota 21: 0 458 72 342 272 113 124 418 518 36 59 125 101 366 219 2 0
  Distancia: 1475.364964
  Carga: 1103.000000

Rota 22: 0 282 96 255 102 40 456 1 453 144 498 135 17 446 178 43 516 379 54 74 381 0
  Distancia: 1957.663349
  Carga: 1101.000000

Rota 23: 0 138 260 369 237 384 332 117 111 459 216 156 201 421 354 489 155 221 429 95 277 57 20 261 497 0
  Distancia: 2854.635843
  Carga: 1100.000000

Rota 24: 0 166 349 387 420 108 139 370 112 409 118 191 210 517 27 315 0
  Distancia: 1291.741003
  Carga: 1100.000000

Rota 25: 0 376 195 78 53 286 109 240 69 218 73 287 558 267 358 226 0
  Distancia: 1403.054364
  Carga: 1100.000000

Rota 26: 0 91 151 24 93 306 250 97 75 638 450 439 333 177 182 361 207 79 0
  Distancia: 1683.642403
  Carga: 1097.000000

Numero de rotas: 26
Distancia total: 35335.513086
